1785948262571 
1785948262751 
1785948262892 
1785948263070 
1785948263216 
1785948263382 
1785948263555 
1786029788341 
1786029789752 
1786029789915 
1786029790057 
1786029790190 
1786029790198 
1786029790326 
1786029790381 
1786029790498 
1786029790583 
1786029790711 
1786029791011 
1786029791104 
1786029791191 
1786029791312 
1786029791401 
1786029791516 
1786029791581 
1786029791903 
1786029792026 
1786029792110 
1786029792220 
1786029792323 
1786029792431 
1786029792507 
1786029792599 
1786029792719 
1786029792816 
1786029792922 
1786029793039 
1786029793110 
1786029793203 
1786029793321 
1786029793394 
1786029793497 
1786029793588 
1786029793688 
1786029793783 
1786029793883 
1786029793953 
1786029794088 
1786029794162 
1786029794285 
1786029794510 
1786029794615 
1786029794708 
1786029794812 
1786029794888 
1786029794982 
1786029795057 
1786029795190 
1786029795273 
1786029795392 
1786029795478 
1786029795603 
1786029795683 
1786029795801 
1786029795884 
1786029795992 
1786029796067 
1786029796193 
1786029796267 
1786029796394 
1786029796455 
1786029796568 
1786029796644 
1786029796767 
1786029796839 
1786029796982 
1786029797073 
1786029797202 
1786029797264 
1786029797402 
1786029797479 
1786029797593 
1786029797678 
1786029797809 
1786029797909 
1786029798032 
1786029798116 
1786029798242 
1786029798367 
1786029798482 
1786029798571 
1786029798694 
1786029798743 
1786029798887 
1786029798960 
1786029799110 
1786029799195 
1786029799315 
1786029799404 
1786029799517 
1786029799610 
1786029799743 
1786029799829 
1786029799933 
1786029800033 
1786029800160 
1786029800257 
1786029800398 
1786029800493 
1786029800630 
1786029800712 
1786029800888 
1786029800995 
1786029801096 
1786029801198 
1786029801314 
1786029801422 
1786029801529 
1786029801627 
1786029801732 
1786029801844 
1786029801966 
1786029802059 
1786029802163 
1786029802259 
1786029802370 
1786029802471 
1786029802601 
1786029802685 
1786029802786 
1786029802885 
1786029802974 
1786029803085 
1786029803190 
1786029803523 
1786029803627 
1786029803703 
1786029803814 
1786029803905 
1786029804009 
1786029804088 
1786029804218 
1786029804298 
1786029804412 
1786029804476 
1786029804597 
1786029804678 
1786029804795 
1786029804864 
1786029804985 
1786029805059 
1786029805158 
1786029805231 
1786029805309 
1786029805362 
1786029805461 
1786029805563 
1786029805646 
1786029805744 
1786029805841 
1786029805903 
1786029806018 
1786029806059 
1786029806208 
1786029806501 
1786029806575 
1786029806687 
1786029806756 
1786029806860 
1786029807155 
1786029807230 
1786029808552 
1786029808715 
1786029809254 
1786029809321 
1786029809427 
1786029809539 
1786029809617 
1786029809739 
1786029809797 
1786029809916 
1786029810021 
1786029810132 
1786029810201 
1786029810328 
1786029810387 
1786029810519 
1786029810592 
1786029810718 
1786029810780 
1786029811686 
1786029811746 
1786029811880 
1786029811944 
1786029812244 
1786029812329 
1786029812439 
1786029812532 
1786029812654 
1786029812701 
1786029812855 
1786029812924 
1786029813669 
1786029813734 
1786029817041 
1786029817178 
1786029817267 
1786029817374 
1786029817450 
1786029817569 
1786029817657 
1786029817754 
1786029817854 
1786029817947 
1786029818049 
1786029818154 
1786029818218 
1786029818365 
1786029818448 
1786029818563 
1786029818656 
1786029818756 
1786029818844 
1786029818955 
1786029819045 
1786029819160 
1786029819252 
1786029819359 
1786029819445 
1786029819561 
1786029819647 
1786029819751 
1786029819834 
1786029819945 
1786029820052 
1786029820147 
1786029820227 
1786029820355 
1786029820443 
1786029820537 
1786029820620 
1786029820744 
1786029820820 
1786029820934 
1786029821007 
1786029821122 
1786029821184 
1786029821318 
1786029821395 
1786029821515 
1786029821594 
1786029821711 
1786029821796 
1786029821926 
1786029822003 
1786029822126 
1786029822207 
1786029822318 
1786029822393 
1786029822497 
1786029822681 
1786029822924 
1786029823256 
1786029823487 
1786029823553 
1786029823689 
1786029823759 
1786029823883 
1786029823954 
1786029824077 
1786029824168 
1786029824282 
1786029824362 
1786029824492 
1786029824578 
1786029824703 
1786029824784 
1786029824925 
1786029824995 
1786029825111 
1786029825221 
1786029825321 
1786029825411 
1786029825529 
1786029825615 
1786029825731 
1786029825823 
1786029825948 
1786029826045 
1786029826160 
1786029826241 
1786029826356 
1786029826453 
1786029826587 
1786029826664 
1786029826769 
1786029826896 
1786029826983 
1786029827195 
1786029827290 
1786029827403 
1786029827480 
1786029827614 
1786029827692 
1786029827805 
1786029827910 
1786029828010 
1786029828083 
1786029828216 
1786029828275 
1786029828640 
1786029828719 
1786029828833 
1786029828932 
1786029829044 
1786029829141 
1786029829273 
1786029829355 
1786029829475 
1786029829567 
1786029829699 
1786029829779 
1786029829902 
1786029830005 
1786029830120 
1786029830212 
1786029830324 
1786029830420 
1786029830521 
1786029830607 
1786029830719 
1786029830802 
1786029830914 
1786029830999 
1786029831106 
1786029831307 
1786029831402 
1786029831524 
1786029831605 
1786029831719 
1786029831821 
1786029831933 
1786029832006 
1786029832138 
1786029832221 
1786029832361 
1786029832446 
1786029832575 
1786029832649 
1786029832799 
1786029832884 
1786029833001 
1786029833082 
1786029833232 
1786029833310 
1786029833467 
1786029833558 
1786029833686 
1786029833750 
1786029833897 
1786029833990 
1786029834118 
1786029834186 
1786029834329 
1786029834418 
1786029834540 
1786029834648 
1786029834762 
1786029834830 
1786029834962 
1786029835065 
1786029835463 
1786029835664 
1786029835728 
1786029835851 
1786029835914 
1786029836021 
1786029836092 
1786029836193 
1786029836255 
1786029836569 
1786029836715 
1786029836870 
1786029836896 
1786029836966 
1786029837053 
1786029837169 
1786029837252 
1786029837372 
1786029837464 
1786029837599 
1786029837687 
1786029837804 
1786029837868 
1786029837977 
1786029838062 
1786029838194 
1786029838280 
1786029838414 
1786029838471 
1786029838615 
1786029838690 
1786029838821 
1786029838903 
1786029839001 
1786029839090 
1786029839193 
1786029839292 
1786029839390 
1786029839523 
1786029839550 
1786029839741 
1786029839831 
1786029839959 
1786029840016 
1786029840135 
1786029840230 
1786029840314 
1786029840399 
1786029840508 
1786029840577 
1786029840688 
1786029840762 
1786029840863 
1786029840942 
1786029841032 
1786029841089 
1786029841186 
1786029841371 
1786029841442 
1786029841532 
1786029841631 
1786029841726 
1786029841804 
1786029842005 
1786029842568 
1786029842677 
1786029842793 
1786029843251 
1786029843358 
1786029843476 
1786029843530 
1786029843651 
1786029843739 
1786029843834 
1786029843919 
1786029844016 
1786029844090 
1786029844181 
1786029844253 
1786029844323 
1786029844500 
1786029844572 
1786029844686 
1786029844744 
1786029844850 
1786029844938 
1786029845040 
1786029845117 
1786029845234 
1786029845317 
1786029845418 
1786029845523 
1786029845636 
1786029845806 
1786029845917 
1786029846027 
1786029846125 
1786029846271 
1786029846330 
1786029846451 
1786029846533 
1786029846665 
1786029846738 
1786029846877 
1786029846950 
1786029847078 
1786029847171 
1786029847260 
1786029847428 
1786029847743 
1786029847958 
1786029848288 
1786029848542 
1786031442044 
1786031442305 
1786031442526 
1786031442598 
1786031442743 
1786031442823 
1786031442962 
1786031443420 
1786031443577 
1786031443732 
1786031443882 
1786031444018 
1786031444172 
1786031444336 
1786031444497 
1786031444673 
1786031444825 
1786031444993 
1786031445159 
1786031445345 
1786031445508 
1786031445669 
1786031445848 
1786031446047 
1786031446250 
1786031446422 
1786031446655 
1786031446838 
1786031447012 
1786031447166 
1786031447335 
1786031447522 
1786031447692 
1786031447891 
1786031448110 
1786031448309 
1786031448507 
1786031448691 
1786031448844 
1786031449025 
1786031449215 
1786031449389 
1786031449559 
1786031449736 
1786031449919 
1786031450103 
1786031450275 
1786031450438 
1786031450627 
1786031450797 
1786031450982 
1786031451173 
1786031451342 
1786031451547 
1786031451729 
1786031451924 
1786031452146 
1786031452346 
1786031452539 
1786031452721 
1786031452910 
1786031453128 
1786031453304 
1786031453492 
1786031453682 
1786031453868 
1786031454049 
1786031454205 
1786031454386 
1786031454581 
1786031454765 
1786031454931 
1786031455110 
1786031455297 
1786031455489 
1786031455685 
1786031455896 
1786031456094 
1786031456345 
1786031456531 
1786031456741 
1786031456939 
1786031457128 
1786031457401 
1786031457623 
1786031457841 
1786031458059 
1786031458272 
1786031458480 
1786031458675 
1786031458885 
1786031459105 
1786031459310 
1786031459483 
1786031459691 
1786031459886 
1786031460138 
1786031460362 
1786031460552 
1786031460787 
1786031460987 
1786031461221 
1786031461417 
1786031461588 
1786031461807 
1786031461990 
1786031462170 
1786031462357 
1786031462537 
1786031462718 
1786031462901 
1786031463074 
1786031463242 
1786031463443 
1786031463654 
1786031463838 
1786031464029 
1786031464221 
1786031464390 
1786031464599 
1786031464789 
1786031464993 
1786031465180 
1786031465379 
1786031465566 
1786031465773 
1786031465967 
1786031466151 
1786031466349 
1786031466532 
1786031466723 
1786031466946 
1786031467126 
1786031467314 
1786031467513 
1786031467705 
1786031467904 
1786031468115 
1786031468406 
1786031468627 
1786031468844 
1786031469054 
1786031469258 
1786031469450 
1786031469620 
1786031469831 
1786031470049 
1786031470250 
1786031470487 
1786031470709 
1786031470943 
1786031471131 
1786031471348 
1786031471573 
1786031471769 
1786031471978 
1786031472152 
1786031472341 
1786031472510 
1786031472716 
1786031472903 
1786031473066 
1786031473250 
1786031473451 
1786031473938 
1786031474135 
1786031474323 
1786031474514 
1786031474737 
1786031474942 
1786031475238 
1786031475411 
1786031475648 
1786031475878 
1786031476076 
1786031476315 
1786031476565 
1786031476775 
1786031477032 
1786031477229 
1786031477430 
1786031477632 
1786031477835 
1786031478025 
1786031478210 
1786031478421 
1786031478642 
1786031478914 
1786031479115 
1786031479601 
1786031479855 
1786031480053 
1786031480286 
1786031480640 
1786031480882 
1786031481078 
1786031481263 
1786031481449 
1786031481641 
1786031481850 
1786031482069 
1786031482285 
1786031482498 
1786031482717 
1786031482907 
1786031483108 
1786031483322 
1786031483540 
1786031483751 
1786031484002 
1786031484242 
1786031484454 
1786031484665 
1786031484851 
1786031485075 
1786031485268 
1786031485453 
1786031485780 
1786031500970 
1786031501199 
1786031501426 
1786031501609 
1786031501659 
1786031501722 
1786031501866 
1786031502052 
1786031502258 
1786031502682 
1786031503144 
1786031504748 
1786031505815 
1786031506425 
1786031506915 
1786031507109 
1786031507779 
1786031508265 
1786031508739 
1786031509353 
1786031509915 
1786031510516 
1786031511457 
1786031511724 
1786031512051 
1786031512281 
1786031512736 
1786031513719 
1786031514054 
1786031514224 
1786031514422 
1786031514598 
1786031514795 
1786031515004 
1786031515190 
1786031516565 
1786031516874 
1786036911613 
1786036911816 
1786036911818 
1786036912072 
1786036912247 
1786036912912 
1786036913105 
1786036913280 
1786036913641 
1786036913860 
1786036918169 
1786036918261 
1786036918359 
1786036918740 
1786036923405 
1786036923503 
1786036923590 
1786036923663 
1786036923726 
1786036924506 
1786036924610 
1786036924682 
1786036924783 
1786036924837 
1786036925390 
1786036925517 
1786036925587 
1786036925681 
1786036926191 
1786036926297 
1786036926370 
1786036926477 
1786036926592 
1786036926668 
1786036926746 
1786036926849 
1786036926938 
1786036927025 
1786036927136 
1786036927218 
1786036927306 
1786036927401 
1786036927502 
1786036927585 
1786036927687 
1786036927765 
1786036927864 
1786036927933 
1786036928056 
1786036928096 
1786036928205 
1786036928278 
1786036928411 
1786036928509 
1786036928608 
1786036928712 
1786036928791 
1786036928888 
1786036928986 
1786036929100 
1786036929181 
1786036929308 
1786036929411 
1786036929504 
1786036929582 
1786036929686 
1786036929777 
1786036929879 
1786036929962 
1786036930113 
1786036930245 
1786036930303 
1786036930776 
1786036931173 
1786036931502 
1786036932111 
1786036932227 
1786036932540 
1786036932709 
1786036932912 
1786036933054 
1786036933393 
1786036933527 
1786036933610 
1786036933712 
1786036933832 
1786036933931 
1786036934048 
1786036934146 
1786036934262 
1786036934370 
1786036934476 
1786036934578 
1786036934669 
1786036934792 
1786036934887 
1786036934961 
1786036935071 
1786036935175 
1786036935263 
1786036935444 
1786036935566 
1786036935614 
1786036935716 
1786036935814 
1786036935907 
1786036936012 
1786036936112 
1786036936213 
1786036936399 
1786036936622 
1786036936795 
1786036936883 
1786036937005 
1786036937092 
1786036937207 
1786036937285 
1786036937386 
1786036937492 
1786036937600 
1786036937680 
1786036937795 
1786036937898 
1786036938023 
1786036938134 
1786036938221 
1786036938301 
1786036938446 
1786036938555 
1786036938646 
1786036938745 
1786036938842 
1786036938949 
1786036939072 
1786036939193 
1786036939276 
1786036939375 
1786036939502 
1786036939596 
1786036939668 
1786036939777 
1786036939922 
1786036940014 
1786036940127 
1786036940233 
1786036940349 
1786036940412 
1786036940542 
1786036940591 
1786036940693 
1786036940801 
1786036940900 
1786036940980 
1786036941108 
1786036941178 
1786036941292 
1786036941372 
1786036941493 
1786036941567 
1786036941716 
1786036941918 
1786036942013 
1786036942118 
1786036942211 
1786036942323 
1786036942408 
1786036942521 
1786036942643 
1786036942749 
1786036942842 
1786036942966 
1786036943072 
1786036943182 
1786036943282 
1786036943382 
1786036943475 
1786036943597 
1786036943687 
1786036943798 
1786036943892 
1786036943998 
1786036944088 
1786036944199 
1786036944290 
1786036944415 
1786036944534 
1786036944657 
1786036944752 
1786036944836 
1786036944944 
1786036945036 
1786036945145 
1786036945234 
1786036945353 
1786036945463 
1786036945588 
1786036945693 
1786036945894 
1786036946028 
1786036946123 
1786036946230 
1786036946354 
1786036946440 
1786036946555 
1786036946680 
1786036946758 
1786036946867 
1786036946965 
1786036947068 
1786036947171 
1786036947281 
1786036947374 
1786036947478 
1786036947589 
1786036947696 
1786036947805 
1786036947910 
1786036948007 
1786036948111 
1786036948226 
1786036948320 
1786036948418 
1786036948523 
1786036948626 
1786036948724 
1786036948826 
1786036948922 
1786036949034 
1786036949156 
1786036949253 
1786036949334 
1786036949477 
1786036949572 
1786036949692 
1786036949798 
1786036949890 
1786036950052 
1786036950162 
1786036950276 
1786036950373 
1786036950482 
1786036950571 
1786036950686 
1786036950788 
1786036950903 
1786036951010 
1786036951126 
1786036951227 
1786036951350 
1786036951437 
1786036951560 
1786036951644 
1786036951747 
1786036951851 
1786036951967 
1786036952076 
1786036952182 
1786036952286 
1786036952381 
1786036952502 
1786036952605 
1786036952711 
1786036952823 
1786036952940 
1786036953033 
1786036953135 
1786036953250 
1786036953358 
1786036953459 
1786036953593 
1786036953785 
1786036953901 
1786036954012 
1786036954232 
1786036954330 
1786036954462 
1786036954576 
1786036954688 
1786036954792 
1786036954902 
1786036955004 
1786036955115 
1786036955210 
1786036955332 
1786036955437 
1786036955552 
1786036955654 
1786036955754 
1786036955887 
1786036955998 
1786036956118 
1786036956228 
1786036956343 
1786036956451 
1786036956568 
1786036956683 
1786036956772 
1786036956891 
1786036956999 
1786036957117 
1786036957222 
1786036957349 
1786036957439 
1786036957569 
1786036957683 
1786036957790 
1786036957863 
1786036958010 
1786036958110 
1786036958198 
1786036958301 
1786036958412 
1786036958480 
1786036958593 
1786036958701 
1786036958811 
1786036958891 
1786036959009 
1786036959098 
1786036959193 
1786036959280 
1786036959410 
1786036959490 
1786036959601 
1786036959698 
1786036959807 
1786036959897 
1786036960015 
1786036960103 
1786036960207 
1786036960315 
1786036960416 
1786036960500 
1786036960601 
1786036960685 
1786036960804 
1786036960911 
1786036961005 
1786036961093 
1786036961199 
1786036961299 
1786036961391 
1786036961483 
1786036961585 
1786036961685 
1786036961786 
1786036961872 
1786036961986 
1786036962065 
1786036962176 
1786036962262 
1786036962346 
1786036962439 
1786036962537 
1786036962615 
1786036962720 
1786036962817 
1786036962944 
1786036963026 
1786036963139 
1786036963221 
1786036963335 
1786036963408 
1786036963531 
1786036963592 
1786036963700 
1786036963777 
1786036963871 
1786036963964 
1786036964054 
1786036964128 
1786036964231 
1786036964314 
1786036964402 
1786036964469 
1786036964589 
1786036964642 
1786036964755 
1786036964791 
1786036964890 
1786036964950 
1786036965047 
1786036965366 
1786036965636 
1786036965775 
1786036965904 
1786036966041 
1786036966171 
1786036966301 
1786036966427 
1786036966482 
1786036966584 
1786036966871 
1786036966965 
1786036967067 
1786036967138 
1786036967235 
1786036967318 
1786036967408 
1786036967498 
1786036967580 
1786036967665 
1786036967754 
1786036967837 
1786036967930 
1786036968009 
1786036968099 
1786036968189 
1786036968285 
1786036968377 
1786036968457 
1786036968555 
1786036968636 
1786036968726 
1786036968814 
1786036968911 
1786036968986 
1786036969078 
1786036969143 
1786036969334 
1786036969395 
1786036969509 
1786036969604 
1786036969687 
1786036969879 
1786036969992 
1786036970111 
1786036970244 
1786036970328 
1786036970434 
1786036970515 
1786036970626 
1786036970692 
1786036970805 
1786036970869 
1786036970968 
1786036971054 
1786036971175 
1786036971249 
1786036971370 
1786036971443 
1786036971561 
1786036971645 
1786036971744 
1786036971842 
1786036971957 
1786036972040 
1786036972141 
1786036972233 
1786036972356 
1786036972446 
1786036972559 
1786036972652 
1786036972760 
1786036972859 
1786036972963 
1786036973080 
1786036973171 
1786036973277 
1786036973386 
1786036973492 
1786036973588 
1786036973701 
1786036973887 
1786036974099 
1786036974296 
1786036974415 
1786036974491 
1786036974594 
1786036974686 
1786036974789 
1786036974874 
1786036974963 
1786036975058 
1786036975158 
1786036975238 
1786036975354 
1786036975428 
1786036975549 
1786036975633 
1786036975732 
1786036975819 
1786036975922 
1786036976020 
1786036976123 
1786036976219 
1786036976319 
1786036976415 
1786036976508 
1786036976594 
1786036976693 
1786036976783 
1786036976890 
1786036976954 
1786036977053 
1786036977210 
1786036977278 
1786036977407 
1786036977476 
1786036977579 
1786036977669 
1786036977767 
1786036977835 
1786036977937 
1786036978031 
1786036978123 
1786036978192 
1786036978296 
1786036978393 
1786036978481 
1786036978566 
1786036978728 
1786036978852 
1786036978958 
1786036979042 
1786036979126 
1786036979250 
1786036979308 
1786036979410 
1786036979504 
1786036979600 
1786036979674 
1786036979805 
1786036979899 
1786036979998 
1786036980076 
1786036980203 
1786036980288 
1786036980396 
1786036980486 
1786036980588 
1786036980680 
1786036980789 
1786036980875 
1786036980980 
1786036981067 
1786036981172 
1786036981272 
1786036981363 
1786036981456 
1786036981549 
1786036981625 
1786036981733 
1786036981830 
1786036981936 
1786036982018 
1786036982130 
1786036982209 
1786036982314 
1786036982410 
1786036982519 
1786036982593 
1786036982709 
1786036982806 
1786036982921 
1786036983094 
1786036983203 
1786036983271 
1786036983364 
1786036983456 
1786036983516 
1786036983643 
1786036983686 
1786036983803 
1786036983899 
1786036984012 
1786036984077 
1786036984192 
1786036984248 
1786036984350 
1786036984395 
1786036988800 
1786036988887 
1786036988988 
1786036989067 
1786036989141 
1786036989229 
1786036989324 
1786036990416 
1786036990487 
1786036990611 
1786036990706 
1786036990809 
1786036990887 
1786036991186 
1786036991269 
1786036991379 
1786036991473 
1786036991567 
1786036991660 
1786036991761 
1786036991843 
1786036991946 
1786036992033 
1786036992139 
1786036992229 
1786036992332 
1786036992432 
1786036992542 
1786036992626 
1786036992732 
1786036992819 
1786036992918 
1786036992998 
1786036993112 
1786036993201 
1786036993506 
1786036993562 
1786036994456 
1786036994558 
1786036994826 
1786036994911 
1786036995024 
1786036995119 
1786036995227 
1786036995328 
1786036995425 
1786036995514 
1786036996238 
1786036996314 
1786036996430 
1786036996505 
1786036996605 
1786036996704 
1786036996808 
1786036996875 
1786036996965 
1786036997065 
1786036997352 
1786036997449 
1786036997573 
1786036997650 
1786036997948 
1786036998037 
1786036998178 
1786036998251 
1786036998384 
1786036998487 
1786036998584 
1786036998666 
1786036998796 
1786036999785 
1786036999987 
1786037000067 
1786037000186 
1786037000257 
1786037000365 
1786037000438 
1786037000531 
1786037000653 
1786037000743 
1786037000844 
1786037000932 
1786037001031 
1786037001125 
1786037001230 
1786037001297 
1786037001407 
1786037001498 
1786037001598 
1786037001674 
1786037001779 
1786037001877 
1786037001969 
1786037002066 
1786037002142 
1786037002238 
1786037002330 
1786037002408 
1786037002506 
1786037002599 
1786037002683 
1786037002775 
1786037002855 
1786037002957 
1786037003050 
1786037003143 
1786037003243 
1786037003327 
1786037003432 
1786037003518 
1786037003625 
1786037003701 
1786037003798 
1786037003877 
1786037003992 
1786037004085 
1786037004163 
1786037004271 
1786037004349 
1786037004438 
1786037004525 
1786037004607 
1786037004703 
1786037004776 
1786037004858 
1786037004926 
1786037005021 
1786037005092 
1786037005153 
1786037005239 
1786037005343 
1786037005397 
1786037005506 
1786037005551 
1786037005636 
1786037005704 
1786037005806 
1786037005848 
1786037005923 
1786037005991 
1786037006079 
1786037006162 
1786037006268 
1786037006317 
1786037006408 
1786037006461 
1786037006559 
1786037006606 
1786037006718 
1786037006755 
1786037006867 
1786037006922 
1786037007025 
1786037007091 
1786037007198 
1786037007251 
1786037007357 
1786037007430 
1786037007523 
1786037007627 
1786037007705 
1786037007800 
1786037007912 
1786037007985 
1786037008072 
1786037008254 
1786037008480 
1786037008660 
1786037008807 
1786037008975 
1786037009124 
1786037009295 
1786037009480 
1786037009914 
1786052547340 
1786052547694 
1786052547835 
1786052548328 
1786052548881 
1786052549297 
1786052549745 
1786052550197 
1786052550633 
1786052552801 
1786052553165 
1786052553499 
1786052553763 
1786052554081 
1786052554364 
1786052554581 
1786052554814 
1786052555049 
1786052555521 
1786052555853 
1786052556369 
1786052556685 
1786052557102 
1786052557495 
1786052558236 
1786052558437 
1786052558654 
1786052558866 
1786052559100 
1786052559317 
1786052559567 
1786052559801 
1786052560135 
1786052560352 
1786052560585 
1786052560818 
1786052561035 
1786052561284 
1786052561518 
1786052561833 
1786052562573 
1786052562788 
1786052563019 
1786052563252 
1786052563502 
1786052563753 
1786052564020 
1786052564235 
1786052564508 
1786052564803 
1786052565070 
1786052565337 
1786052565625 
1786052566143 
1786052566371 
1786052567091 
1786052567788 
1786052568055 
1786052568339 
1786052568623 
1786052568839 
1786052569105 
1786052569388 
1786052569638 
1786052569939 
1786052570205 
1786052570490 
1786052570857 
1786052571206 
1786052574226 
1786052574507 
1786052575024 
1786052575544 
1786052575991 
1786052576257 
1786052576527 
1786052576707 
1786052576958 
1786052577157 
1786052577392 
1786052577641 
1786052577909 
1786052578174 
1786052578426 
1786052578693 
1786052578926 
1786052579208 
1786052579476 
1786052579693 
1786052579994 
1786052580293 
1786052580527 
1786052580759 
1786052581010 
1786052581260 
1786052581544 
1786052581793 
1786052582060 
1786052582327 
1786052582560 
1786052582810 
1786052583094 
1786052583177 
1786052583361 
1786052583643 
1786052583894 
1786052584127 
1786052584411 
1786052584644 
1786052584878 
1786052585112 
1786052585379 
1786052585628 
1786052585893 
1786052586147 
1786052586412 
1786052586662 
1786052586945 
1786052587208 
1786052587477 
1786052587763 
1786052588167 
1786052588446 
1786052588763 
1786052588997 
1786052589263 
1786052589514 
1786052589831 
1786052590079 
1786052590348 
1786052590632 
1786052590931 
1786052591163 
1786052591415 
1786052591748 
1786052592031 
1786052593569 
1786052593938 
1786052594199 
1786052594402 
1786052594618 
1786052594849 
1786052595083 
1786052595317 
1786052595566 
1786052595799 
1786052596049 
1786052596300 
1786052596517 
1786052596766 
1786052596999 
1786052597299 
1786052597534 
1786052597784 
1786052598017 
1786052598250 
1786052600089 
1786052600284 
1786052600518 
1786052600772 
1786052600984 
1786052601285 
1786052601536 
1786052601752 
1786052602003 
1786052602286 
1786052602637 
1786052602936 
1786052603187 
1786052603587 
1786052603803 
1786052604037 
1786052604270 
1786052604519 
1786052604770 
1786052605037 
1786052605271 
1786052605539 
1786052605804 
1786052606223 
1786052606521 
1786052606823 
1786052607189 
1786052607520 
1786052608012 
1786052608621 
1786052608904 
1786052609491 
1786052609975 
1786052610507 
1786052610925 
1786052611390 
1786052611925 
1786052612242 
1786052612505 
1786052612821 
1786052613122 
1786052613506 
1786052613756 
1786052614159 
1786052615193 
1786052615409 
1786052615740 
1786052616039 
1786052616307 
1786052616607 
1786052616907 
1786052617169 
1786052617452 
1786052617740 
1786052617990 
1786052618393 
1786052618674 
1786052619176 
1786052619440 
1786052619691 
1786052620294 
1786052620524 
1786052620741 
1786052620957 
1786052621158 
1786052621391 
1786052621608 
1786052621857 
1786052622129 
1786052622359 
1786052622608 
1786052622858 
1786052623108 
1786052623358 
1786052623626 
1786052623907 
1786052624175 
1786052624459 
1786052624725 
1786052624991 
1786052625242 
1786052625475 
1786052625727 
1786052625959 
1786052626193 
1786052626426 
1786052626692 
1786052626959 
1786052627210 
1786052627426 
1786052627677 
1786052627910 
1786052628127 
1786052628393 
1786052628661 
1786052628910 
1786052629193 
1786052629445 
1786052629711 
1786052629976 
1786052630227 
1786052630611 
1786052630844 
1786052631328 
1786052631882 
1786052632230 
1786052632530 
1786052634147 
1786052635115 
1786052635312 
1786052635563 
1786052635813 
1786052636062 
1786052636363 
1786052636582 
1786052636881 
1786052637117 
1786052637396 
1786052637663 
1786052637880 
1786052638130 
1786052638416 
1786052638781 
1786052639030 
1786052639281 
1786052639883 
1786052640518 
1786052640781 
1786052641082 
1786052641669 
1786052641882 
1786052642402 
1786052642668 
1786052642897 
1786052643503 
1786052644118 
1786052644820 
1786052645119 
1786052645367 
1786052645650 
1786052645849 
1786052646118 
1786052646383 
1786052646667 
1786052646901 
1786052647163 
1786052647447 
1786052647734 
1786052648002 
1786052648435 
1786052648705 
1786052648952 
1786052649218 
1786052649502 
1786052650003 
1786052650420 
1786052651338 
1786052651636 
1786052651937 
1786052652186 
1786052652436 
1786052652703 
1786052652970 
1786052653405 
1786052653670 
1786052655692 
1786052656275 
1786052656505 
1786052657092 
1786052657472 
1786052657772 
1786052658224 
1786052658559 
1786052659057 
1786052659289 
1786052659623 
1786052659958 
1786052660239 
1786052660525 
1786052660857 
1786052661173 
1786052661473 
1786052661757 
1786052662040 
1786052662660 
1786052663194 
1786052663459 
1786052663794 
1786052664141 
1786052664677 
1786052664957 
1786052665410 
1786052665726 
1786052666044 
1786052666378 
1786052666642 
1786052666925 
1786052667225 
1786052667492 
1786052667809 
1786052668913 
1786052669193 
1786052669645 
1786052670029 
1786052671013 
1786052671276 
1786052671513 
1786052671812 
1786052672127 
1786052672427 
1786052672728 
1786052673027 
1786052673329 
1786052673631 
1786052673946 
1786052674211 
1786052674544 
1786052674828 
1786052675145 
1786052675412 
1786052675695 
1786052676249 
1786052676547 
1786052676863 
1786052677457 
1786052678099 
1786052678414 
1786052678715 
1786052679332 
1786052679696 
1786052679997 
1786052680297 
1786052680580 
1786052680813 
1786052681332 
1786052690519 
1786052691653 
1786052691905 
1786052692133 
1786052692382 
1786052692603 
1786052692851 
1786052693117 
1786052693372 
1786052693556 
1786052693903 
1786052694122 
1786052694417 
1786052694672 
1786052694953 
1786052695204 
1786052695489 
1786052696037 
1786052696421 
1786052696685 
1786052696969 
1786052697269 
1786052697552 
1786052697920 
1786052698302 
1786052698704 
1786052700258 
1786052700790 
1786052701039 
1786052701422 
1786052701738 
1786052702073 
1786052702440 
1786052702854 
1786052703254 
1786052703587 
1786052703904 
1786052704222 
1786052704742 
1786052705209 
1786052705544 
1786052705823 
1786052706207 
1786052706540 
1786052706805 
1786052707122 
1786052707590 
1786052707907 
1786052708223 
1786052708759 
1786052709091 
1786052709441 
1786052709742 
1786052710059 
1786052710343 
1786052710609 
1786052710974 
1786052711544 
1786052711875 
1786052712243 
1786052712509 
1786052713092 
1786052713461 
1786052713790 
1786052714159 
1786052714710 
1786052715128 
1786052715407 
1786052715676 
1786052716009 
1786052716257 
1786052716573 
1786052716823 
1786052717194 
1786052717507 
1786052717824 
1786052718174 
1786052718644 
1786052719027 
1786052719409 
1786052719811 
1786052720824 
1786052721074 
1786052721340 
1786052721661 
1786052722010 
1786052722359 
1786052722691 
1786052723492 
1786052724008 
1786052724359 
1786052724725 
1786052725073 
1786052725491 
1786052726095 
1786052726496 
1786052726775 
1786052727041 
1786052727475 
1786052727808 
1786052728092 
1786052728411 
1786052728709 
1786052729009 
1786052729325 
1786052729692 
1786052729976 
1786052730259 
1786052730525 
1786052730775 
1786052734863 
1786052735211 
1786052735531 
1786052735897 
1786052736212 
1786052736494 
1786052736763 
1786052737080 
1786052737405 
1786052737729 
1786052738079 
1786052738396 
1786052738729 
1786052739933 
1786052740515 
1786052741030 
1786052741564 
1786052741948 
1786052742314 
1786052745183 
1786052745465 
1786052745747 
1786052746031 
1786052746318 
1786052746617 
1786052746934 
1786052747217 
1786052747514 
1786052747781 
1786052748081 
1786052748347 
1786052748631 
1786052748964 
1786052749231 
1786052749480 
1786052750131 
1786052750386 
1786052750648 
1786052750898 
1786052751131 
1786052751365 
1786052751631 
1786052751883 
1786052752165 
1786052752448 
1786052752749 
1786052752998 
1786052753299 
1786052753901 
1786052754116 
1786052754399 
1786052754732 
1786052755269 
1786052755583 
1786052755899 
1786052756150 
1786052756487 
1786052756783 
1786052757034 
1786052757299 
1786052757583 
1786052757867 
1786052758217 
1786052758499 
1786052758819 
1786052759117 
1786052759418 
1786052759768 
1786052760035 
1786052760335 
1786052760568 
1786052760884 
1786052761202 
1786052761502 
1786052761819 
1786052762102 
1786052762385 
1786052762719 
1786052762969 
1786052763235 
1786052763519 
1786052763802 
1786052764085 
1786052764352 
1786052764636 
1786052764937 
1786052765301 
1786052765570 
1786052765920 
1786052766186 
1786052766453 
1786052766704 
1786052766986 
1786052767265 
1786052767604 
1786052767854 
1786052768491 
1786052768806 
1786052769291 
1786052769724 
1786052770057 
1786052770356 
1786052770723 
1786052771055 
1786052771355 
1786052771691 
1786052771955 
1786052772323 
1786052772658 
1786052773269 
1786052773805 
1786052774192 
1786052774556 
1786052774922 
1786052775240 
1786052775573 
1786052775876 
1786052776156 
1786052776473 
1786052776840 
1786052777243 
1786052777824 
1786052778278 
1786052779410 
1786052779891 
1786052780360 
1786052782561 
1786052783677 
1786052784077 
1786052784477 
1786052786095 
1786052786511 
1786052786773 
1786052786992 
1786052787259 
1786052787692 
1786052788075 
1786052788378 
1786052788627 
1786052789096 
1786052789411 
1786052789777 
1786052790027 
1786052790293 
1786052790794 
1786052791196 
1786052791477 
1786052791795 
1786052792247 
1786052792731 
1786052793162 
1786052793598 
1786052793997 
1786052794362 
1786052794747 
1786052795147 
1786052795481 
1786052795762 
1786052796061 
1786052796361 
1786052796678 
1786052797046 
1786052797390 
1786052797864 
1786052798330 
1786052798666 
1786052799049 
1786052799531 
1786052799996 
1786052801349 
1786052801814 
1786052802180 
1786052802621 
1786052802984 
1786052803367 
1786052803717 
1786052804034 
1786052804385 
1786052804719 
1786052805069 
1786052805383 
1786052806048 
1786052806569 
1786052806954 
1786052807284 
1786052807682 
1786052808049 
1786052808465 
1786052808833 
1786052809116 
1786052809433 
1786052809967 
1786052810387 
1786052810772 
1786052811153 
1786052811570 
1786052811835 
1786052812117 
1786052812417 
1786052812753 
1786052813032 
1786052813284 
1786052813550 
1786052813802 
1786052814083 
1786052814384 
1786052814634 
1786052814871 
1786052815352 
1786052815788 
1786052817320 
1786052818055 
1786052818335 
1786052818602 
1786052818869 
1786052819135 
1786052819438 
1786052819707 
1786052819968 
1786052820254 
1786052820519 
1786052820768 
1786052821388 
1786052821601 
1786052821856 
1786052822087 
1786052822319 
1786052822573 
1786052822819 
1786052823053 
1786052823523 
1786052823806 
1786052824121 
1786052824369 
1786052824670 
1786052824919 
1786052825222 
1786052825503 
1786052825788 
1786052826054 
1786052826507 
1786052826975 
1786052827773 
1786052828289 
1786052828521 
1786052828788 
1786052829022 
1786052829288 
1786052829555 
1786052829806 
1786052830055 
1786052830340 
1786052830605 
1786052830905 
1786052831256 
1786052832338 
1786052832894 
1786052833206 
1786052833807 
1786052834509 
1786052834775 
1786052835040 
1786052835341 
1786052835644 
1786052835958 
1786052836275 
1786052836540 
1786052836811 
1786052837111 
1786052837391 
1786052837707 
1786052837992 
1786052839794 
1786052840362 
1786052840626 
1786052851000 
1786052851348 
1786052851665 
1786052851946 
1786052852251 
1786052852563 
1786052852884 
1786052853217 
1786052853547 
1786052853848 
1786052854130 
1786052854398 
1786052854682 
1786052855015 
1786052855316 
1786052855582 
1786052855882 
1786052856215 
1786052856515 
1786052857138 
1786052857719 
1786052858015 
1786052858348 
1786052859078 
1786052859652 
1786052859948 
1786052860282 
1786052860598 
1786052861052 
1786052861385 
1786052861686 
1786052861949 
1786052862220 
1786052863836 
1786052864133 
1786052864449 
1786052864716 
1786052864999 
1786052865267 
1786052865553 
1786052866000 
1786052866384 
1786052866721 
1786052867170 
1786052867600 
1786052867917 
1786052868251 
1786052868720 
1786052869387 
1786052869872 
1786052870721 
1786052871471 
1786052872172 
1786052872806 
1786052873271 
1786052873606 
1786052873939 
1786052874438 
1786052874735 
1786052875076 
1786052875422 
1786052875837 
1786052876202 
1786052876657 
1786052877039 
1786052877422 
1786052878115 
1786052879294 
1786052880090 
1786052880557 
1786052881124 
1786052882557 
1786052887805 
1786052888425 
1786052888824 
1786052889276 
1786052889823 
1786052890691 
1786052891159 
1786052891727 
1786052892277 
1786052892626 
1786052893007 
1786052893393 
1786052893861 
1786052894427 
1786052894909 
1786052895361 
1786052895828 
1786052896211 
1786052896626 
1786052898113 
1786052898676 
1786052899128 
1786052899544 
1786052900014 
1786052900416 
1786052900745 
1786052901244 
1786052904665 
1786052905700 
1786052906165 
1786052906582 
1786052906916 
1786052907299 
1786052907696 
1786052908046 
1786052908397 
1786052908883 
1786052909232 
1786052909631 
1786052910033 
1786052910550 
1786052910917 
1786052911267 
1786052911547 
1786052911948 
1786052912415 
1786052912831 
1786052913184 
1786052913619 
1786052913999 
1786052914349 
1786052914751 
1786052915118 
1786052915451 
1786052915764 
1786052916383 
1786052917450 
1786052917731 
1786052918115 
1786052918435 
1786052918734 
1786052919035 
1786052919369 
1786052919685 
1786052919985 
1786052920669 
1786052921269 
1786052921566 
1786052921903 
1786052922199 
1786052922653 
1786052922953 
1786052923300 
1786052923668 
1786052924037 
1786052924334 
1786052924650 
1786052924953 
1786052925266 
1786052925604 
1786052925904 
1786052926183 
1786052926550 
1786052926951 
1786052927235 
1786052927568 
1786052927885 
1786052928133 
1786052928784 
1786052928885 
1786052929201 
1786052929601 
1786052930007 
1786052930370 
1786052930669 
1786052930918 
1786052931489 
1786052931821 
1786052932084 
1786052932369 
1786052932869 
1786052933203 
1786052933605 
1786052935525 
1786052936588 
1786052936888 
1786052937188 
1786052937452 
1786052937719 
1786052938035 
1786052938368 
1786052938635 
1786052939075 
1786052939423 
1786052939821 
1786052940206 
1786052940587 
1786052941021 
1786052941321 
1786052941672 
1786052942073 
1786052943557 
1786052943869 
1786052944289 
1786052944654 
1786052944990 
1786052945307 
1786052945637 
1786052945923 
1786052946204 
1786052946858 
1786052947416 
1786052947770 
1786052948121 
1786052948437 
1786052948771 
1786052951188 
1786052951504 
1786052951908 
1786052952224 
1786052952674 
1786052953056 
1786052953391 
1786052953807 
1786052954223 
1786052954624 
1786052955008 
1786052955405 
1786052955756 
1786052956108 
1786052956491 
1786052957310 
1786052958508 
1786052958889 
1786052959225 
1786052959590 
1786052959938 
1786052960223 
1786052960555 
1786052960821 
1786052961138 
1786052961455 
1786052961705 
1786052962038 
1786052962323 
1786052964758 
1786052965073 
1786052965390 
1786052965826 
1786052966208 
1786052966474 
1786052966773 
1786052967139 
1786052967624 
1786052968194 
1786052968659 
1786052969193 
1786052969542 
1786052969928 
1786052970308 
1786052971081 
1786052971444 
1786052971827 
1786052973742 
1786052976128 
1786052976458 
1786052976692 
1786052976975 
1786052977271 
1786052977575 
1786052977892 
1786052978159 
1786052978476 
1786052978726 
1786052978993 
1786052979243 
1786052979526 
1786052979809 
1786052980060 
1786052981861 
1786052982177 
1786052982478 
1786052982730 
1786052983077 
1786052983311 
1786052983531 
1786052983764 
1786052983978 
1786052984193 
1786052984412 
1786052984680 
1786052984928 
1786052985147 
1786052985394 
1786052985628 
1786052985861 
1786052986097 
1786052986364 
1786052986596 
1786052986865 
1786052987097 
1786052987348 
1786052987600 
1786052987848 
1786052988131 
1786052988415 
1786052988648 
1786052988898 
1786052989131 
1786052989382 
1786052989632 
1786052989899 
1786052990198 
1786052990482 
1786052990731 
1786052991014 
1786052991248 
1786052991498 
1786052992015 
1786052992215 
1786052992670 
1786052992965 
1786052993199 
1786052993464 
1786052993715 
1786052993981 
1786052994250 
1786052994515 
1786052994799 
1786052995066 
1786052995382 
1786052995665 
1786052995932 
1786052996503 
1786052997068 
1786052997316 
1786052997549 
1786052997849 
1786052998133 
1786052998449 
1786052998700 
1786052998933 
1786052999216 
1786052999482 
1786052999750 
1786053000049 
1786053000319 
1786053000599 
1786053000915 
1786053001168 
1786053001468 
1786053001750 
1786053002050 
1786053002333 
1786053002651 
1786053002900 
1786053003151 
1786053003417 
1786053003669 
1786053003984 
1786053004300 
1786053004600 
1786053004885 
1786053005201 
1786053005472 
1786053005718 
1786053006001 
1786053006301 
1786053006568 
1786053006867 
1786053007147 
1786053007430 
1786053007753 
1786053008068 
1786053008402 
1786053008719 
1786053008985 
1786053009301 
1786053009568 
1786053009851 
1786053010102 
1786053010385 
1786053010635 
1786053010952 
1786053011251 
1786053011604 
1786053011885 
1786053012185 
1786053012502 
1786053012734 
1786053012969 
1786053013202 
1786053013485 
1786053013793 
1786053014051 
1786053014369 
1786053014602 
1786053015236 
1786053015907 
1786053016170 
1786053016424 
1786053016723 
1786053017020 
1786053017548 
1786053018155 
1786053018402 
1786053018673 
1786053018904 
1786053019190 
1786053019454 
1786053019703 
1786053019987 
1786053020253 
1786053020520 
1786053020787 
1786053021056 
1786053022475 
1786053022737 
1786053022991 
1786053023254 
1786053023553 
1786053023908 
1786053024188 
1786053024454 
1786053024739 
1786053025158 
1786053025491 
1786053025821 
1786053026105 
1786053026441 
1786053026725 
1786053027005 
1786053027289 
1786053027538 
1786053027788 
1786053028105 
1786053028357 
1786053028689 
1786053028973 
1786053029255 
1786053029523 
1786053029804 
1786053030106 
1786053030388 
1786053030638 
1786053030906 
1786053031225 
1786053031504 
1786053031773 
1786053032089 
1786053032356 
1786053032606 
1786053032889 
1786053034164 
1786053034960 
1786053035310 
1786053035678 
1786053036125 
1786053036424 
1786053036910 
1786053037370 
1786053037774 
1786053038158 
1786053038540 
1786053038944 
1786053039394 
1786053039827 
1786053040195 
1786053040711 
1786053041162 
1786053041645 
1786053042578 
1786053043361 
1786053043676 
1786053043979 
1786053044312 
1786053044629 
1786053044963 
1786053045279 
1786053045659 
1786053045993 
1786053046326 
1786053046677 
1786053047010 
1786053047360 
1786053047860 
1786053049179 
1786053050546 
1786053051463 
1786053051761 
1786053052112 
1786053052765 
1786053053395 
1786053053731 
1786053054064 
1786053054480 
1786053054847 
1786053055213 
1786053055530 
1786053055881 
1786053056178 
1786053056529 
1786053056879 
1786053057600 
1786053058131 
1786053058582 
1786053058913 
1786053059179 
1786053060451 
1786053060931 
1786053061364 
1786053061816 
1786053062498 
1786053062829 
1786053063214 
1786053063579 
1786053064032 
1786053064516 
1786053065034 
1786053066384 
1786053070269 
1786053070501 
1786053070732 
1786053070981 
1786053071200 
1786053071431 
1786053071699 
1786053071963 
1786053072268 
1786053072549 
1786053072780 
1786053073065 
1786053073298 
1786053073564 
1786053073832 
1786053074115 
1786053074382 
1786053074698 
1786053074966 
1786053075249 
1786053075570 
1786053075849 
1786053076155 
1786053076629 
1786053077317 
1786053077600 
1786053078001 
1786053078351 
1786053078719 
1786053079087 
1786053079403 
1786053079703 
1786053079984 
1786053080354 
1786053080687 
1786053080984 
1786053081300 
1786053081584 
1786053081854 
1786053082122 
1786053082418 
1786053082734 
1786053082989 
1786053083304 
1786053083605 
1786053083919 
1786053084152 
1786053084471 
1786053084738 
1786053085070 
1786053085427 
1786053085719 
1786053085985 
1786053086305 
1786053086587 
1786053086919 
1786053087186 
1786053087502 
1786053087786 
1786053088069 
1786053088353 
1786053088602 
1786053088903 
1786053089202 
1786053089469 
1786053089802 
1786053090087 
1786053090319 
1786053090620 
1786053090887 
1786053091187 
1786053091437 
1786053091703 
1786053091954 
1786053092253 
1786053092537 
1786053092821 
1786053093418 
1786053095375 
1786053095939 
1786053096608 
1786053097009 
1786053097358 
1786053097610 
1786053097886 
1786053098140 
1786053098389 
1786053098655 
1786053098941 
1786053099173 
1786053099455 
1786053099722 
1786053099989 
1786053100406 
1786053100759 
1786053101336 
1786053101823 
1786053102089 
1786053102358 
1786053102640 
1786053102906 
1786053103213 
1786053103488 
1786053103790 
1786053104106 
1786053104413 
1786053104671 
1786053105007 
1786053105323 
1786053105624 
1786053105890 
1786053106159 
1786053107028 
1786053107428 
1786053107708 
1786053107992 
1786053108290 
1786053108575 
1786053109175 
1786053109860 
1786053110595 
1786053110941 
1786053111306 
1786053111758 
1786053112142 
1786053112574 
1786053113044 
1786053113911 
1786053114610 
1786053114908 
1786053115192 
1786053115459 
1786053115758 
1786053116357 
1786053116928 
1786053117208 
1786053117526 
1786053117858 
1786053118178 
1786053118459 
1786053118741 
1786053119025 
1786053119343 
1786053119626 
1786053119943 
1786053120630 
1786053121845 
1786053122394 
1786053122762 
1786053123279 
1786053123627 
1786053124011 
1786053124362 
1786053124709 
1786053125046 
1786053125346 
1786053125643 
1786053126146 
1786053126462 
1786053127677 
1786053128231 
1786053128712 
1786053129029 
1786053129310 
1786053129594 
1786053129895 
1786053130297 
1786053130699 
1786053131048 
1786053131495 
1786053131794 
1786053132112 
1786053132411 
1786053132762 
1786053133045 
1786053133363 
1786053133677 
1786053134085 
1786053134381 
1786053134703 
1786053135028 
1786053135363 
1786053135744 
1786053136198 
1786053136716 
1786053137081 
1786053137419 
1786053138550 
1786053139100 
1786053139465 
1786053139846 
1786053140364 
1786053141083 
1786053141401 
1786053141651 
1786053142244 
1786053142868 
1786053143133 
1786053143380 
1786053143647 
1786053143848 
1786053144315 
1786053144567 
1786053144835 
1786053145118 
1786053145565 
1786053145854 
1786053146334 
1786053146984 
1786053147303 
1786053147531 
1786053147815 
1786053148082 
1786053148348 
1786053148632 
1786053148982 
1786053149232 
1786053149615 
1786053149865 
1786053150166 
1786053150465 
1786053151047 
1786053151669 
1786053152018 
1786053152685 
1786053152965 
1786053153250 
1786053153832 
1786053154368 
1786053154654 
1786053154903 
1786053155187 
1786053155454 
1786053155853 
1786053156104 
1786053156438 
1786053156733 
1786053157054 
1786053157365 
1786053157684 
1786053158438 
1786053158719 
1786053158984 
1786053159253 
1786053159554 
1786053159838 
1786053160150 
1786053160416 
1786053160871 
1786053161153 
1786053161578 
1786053162769 
1786053163453 
1786053163871 
1786053164404 
1786053169025 
1786074906682 
1786074907023 
1786074907031 
1786074907175 
1786074907221 
1786074907420 
1786074907656 
1786074907855 
1786074908057 
1786074908240 
1786074908440 
1786074908658 
1786074908889 
1786074909139 
1786074909391 
1786074909623 
1786074909858 
1786074910090 
1786074910307 
1786074910505 
1786074910706 
1786074910923 
1786074911138 
1786074911355 
1786074911556 
1786074911788 
1786074911989 
1786074912222 
1786074912439 
1786074912656 
1786074912874 
1786074913089 
1786074913306 
1786074913523 
1786074913740 
1786074913939 
1786074914173 
1786074914391 
1786074914606 
1786074914841 
1786074915058 
1786074915289 
1786074915541 
1786074915774 
1786074916026 
1786074916274 
1786074916507 
1786074916773 
1786074917007 
1786074917223 
1786074917491 
1786074917756 
1786074917991 
1786074918241 
1786074918506 
1786074918774 
1786074919007 
1786074919242 
1786074919508 
1786074919742 
1786074920008 
1786074920274 
1786074920491 
1786074920725 
1786074920958 
1786074921225 
1786074921525 
1786074921759 
1786074922009 
1786074922241 
1786074922476 
1786074922741 
1786074922992 
1786074923241 
1786074923475 
1786074923711 
1786074923975 
1786074924455 
1786074924678 
1786074925026 
1786074925277 
1786074925576 
1786074925824 
1786074926059 
1786074926293 
1786074926592 
1786074926811 
1786074927075 
1786074927376 
1786074927625 
1786074927893 
1786074928192 
1786074928422 
1786074928760 
1786074929077 
1786074929494 
1786074930295 
1786074933067 
1786074933277 
1786074933573 
1786074933832 
1786074933910 
1786074934105 
1786074934448 
1786074934695 
1786074934995 
1786074935289 
1786074935578 
1786074935833 
1786074936130 
1786074936414 
1786074936702 
1786074938591 
1786074938797 
1786074938902 
1786074939085 
1786074939363 
1786074939649 
1786074939942 
1786074940213 
1786074940512 
1786074940764 
1786074941068 
1786074941400 
1786074941679 
1786074942026 
1786074942279 
1786074942887 
1786074943438 
1786074943764 
1786074944013 
1786074944313 
1786074944580 
1786074944864 
1786074945164 
1786074945786 
1786074946335 
1786074946898 
1786074947384 
1786074952006 
1786074952332 
1786074952353 
1786074952665 
1786074953000 
1786074953365 
1786074953732 
1786074954066 
1786074954416 
1786074954799 
1786074955133 
1786074955483 
1786074955816 
1786074956116 
1786074956433 
1786074956749 
1786074957134 
1786074957433 
1786074957766 
1786074958134 
1786074958447 
1786074958850 
1786074959333 
1786074959967 
1786074960336 
1786074960701 
1786074961017 
1786074961353 
1786074962065 
1786074962385 
1786074962413 
1786074962703 
1786074963002 
1786074963339 
1786074963703 
1786074964073 
1786074965696 
1786074967984 
1786074968255 
1786074968302 
1786074968642 
1786074969026 
1786074969334 
1786074969693 
1786074970424 
1786074977006 
1786074977387 
1786074977402 
1786074977737 
1786074978157 
1786074978521 
1786074978907 
1786074979323 
1786074979840 
1786074980205 
1786074980504 
1786074980755 
1786074980972 
1786074981188 
1786074981405 
1786074981655 
1786074981904 
1786074982120 
1786074982355 
1786074982571 
1786074982805 
1786074983038 
1786074983305 
1786074983555 
1786074983805 
1786074984021 
1786074984271 
1786074984521 
1786074984772 
1786074985039 
1786074985289 
1786074985555 
1786074985839 
1786074986106 
1786074986339 
1786074986588 
1786074986841 
1786074988426 
1786074988607 
1786074988641 
1786074988856 
1786074989106 
1786074989356 
1786074989623 
1786074990177 
1786074990407 
1786074990674 
1786074991008 
1786074991308 
1786074991541 
1786074991808 
1786074992426 
1786074993041 
1786074995511 
1786074995775 
1786074995796 
1786074996092 
1786074996392 
1786074996692 
1786074997009 
1786074997325 
1786074997625 
1786074997943 
1786074998276 
1786074999081 
1786074999597 
1786074999929 
1786075000227 
1786075000513 
1786075000809 
1786075001127 
1786075001444 
1786075001760 
1786075002210 
1786075002511 
1786075002860 
1786075003143 
1786075003428 
1786075003745 
1786075004115 
1786075004377 
1786075004711 
1786075004994 
1786075005311 
1786075005578 
1786075005878 
1786075006128 
1786075006361 
1786075006627 
1786075006862 
1786075007111 
1786075007413 
1786075007611 
1786075007845 
1786075008097 
1786075008330 
1786075008546 
1786075008812 
1786075009063 
1786075009380 
1786075009612 
1786075009879 
1786075010130 
1786075010380 
1786075011863 
1786075012118 
1786075012241 
1786075012393 
1786075012663 
1786075012947 
1786075013265 
1786075013544 
1786075013835 
1786075014134 
1786075014385 
1786075014703 
1786075015003 
1786075015338 
1786075015653 
1786075015952 
1786075016217 
1786075016528 
1786075016788 
1786075017093 
1786075017368 
1786075017668 
1786075017988 
1786075018253 
1786075018553 
1786075018872 
1786075019122 
1786075019383 
1786075019682 
1786075019987 
1786075020287 
1786075020795 
1786075021638 
1786075021838 
1786075022155 
1786075022473 
1786075022803 
1786075023119 
1786075023403 
1786075023688 
1786075024023 
1786075024302 
1786075024577 
1786075024853 
1786075025134 
1786075025408 
1786075025703 
1786075025986 
1786075026275 
1786075026573 
1786075026838 
1786075027915 
1786075028276 
1786075028584 
1786075028896 
1786075029213 
1786075029514 
1786075029838 
1786075030158 
1786075030473 
1786075030753 
1786075031063 
1786075031338 
1786075031658 
1786075032305 
1786075032755 
1786075033108 
1786075033438 
1786075033723 
1786075034088 
1786075034404 
1786075034752 
1786075035073 
1786075035388 
1786075035688 
1786075035988 
1786075036308 
1786075036608 
1786075036928 
1786075037323 
1786075038325 
1786075038643 
1786075038876 
1786075039137 
1786075039373 
1786075039695 
1786075039973 
1786075042125 
1786075042351 
1786075042467 
1786075042651 
1786075042901 
1786075043184 
1786075043421 
1786075043676 
1786075043901 
1786075045271 
1786075045534 
1786075045786 
1786075046053 
1786075046353 
1786075046654 
1786075046938 
1786075047238 
1786075047537 
1786075047838 
1786075048141 
1786075048432 
1786075048754 
1786075049053 
1786075049371 
1786075049669 
1786075049987 
1786075050356 
1786075050654 
1786075050971 
1786075051288 
1786075051602 
1786075051853 
1786075052124 
1786075052421 
1786075052738 
1786075053003 
1786075053285 
1786075053606 
1786075053935 
1786075054254 
1786075054536 
1786075054853 
1786075055181 
1786075055554 
1786075055887 
1786075056237 
1786075056557 
1786075056839 
1786075057104 
1786075057387 
1786075057636 
1786075057921 
1786075058187 
1786075058487 
1786075058789 
1786075059107 
1786075059389 
1786075059703 
1786075060009 
1786075060288 
1786075060588 
1786075060887 
1786075061221 
1786075061439 
1786075063057 
1786075063354 
1786075063674 
1786075063974 
1786075064296 
1786075065836 
1786075066277 
1786075066539 
1786075068676 
1786075071541 
1786075071806 
1786075072023 
1786075072273 
1786075072506 
1786075072773 
1786075073056 
1786075073307 
1786075073523 
1786075073786 
1786075074057 
1786075074356 
1786075074828 
1786075075174 
1786075075644 
1786075076041 
1786075076528 
1786075076777 
1786075077040 
1786075077340 
1786075077574 
1786075077839 
1786075078156 
1786075078409 
1786075078757 
1786075079041 
1786075079323 
1786075079658 
1786075079990 
1786075080341 
1786075080691 
1786075081276 
1786075081826 
1786075082176 
1786075082457 
1786075082792 
1786075083074 
1786075083374 
1786075083711 
1786075084296 
1786075084877 
1786075085336 
1786075085708 
1786075086236 
1786075086762 
1786075087208 
1786075087594 
1786075088076 
1786075088636 
1786075088950 
1786075089236 
1786075089540 
1786075089875 
1786075090174 
1786075090491 
1786075090807 
1786075091128 
1786075091428 
1786075091727 
1786075092362 
1786075092894 
1786075093161 
1786075093476 
1786075094036 
1786075095277 
1786075095558 
1786075095835 
1786075096124 
1786075096426 
1786075096726 
1786075097009 
1786075097332 
1786075097619 
1786075097944 
1786075098259 
1786075098634 
1786075098962 
1786075099227 
1786075099507 
1786075099776 
1786075100066 
1786075100343 
1786075100635 
1786075100925 
1786075101243 
1786075101544 
1786075101859 
1786075103179 
1786075103635 
1786075103878 
1786075104235 
1786075104545 
1786075104895 
1786075105327 
1786075105679 
1786075105962 
1786075106467 
1786075106776 
1786075107077 
1786075107413 
1786075107894 
1786075108266 
1786075108598 
1786075108911 
1786075109346 
1786075109713 
1786075109980 
1786075110279 
1786075110577 
1786075110861 
1786075111144 
1786075111431 
1786075178702 
1786075179057 
1786075179064 
1786075179169 
1786075179297 
1786075179547 
1786075179797 
1786075180048 
1786075180302 
1786075180531 
1786075180837 
1786075181099 
1786075181347 
1786075181636 
1786075181903 
1786075182186 
1786075182453 
1786075182737 
1786075183003 
1786075183269 
1786075183556 
1786075184134 
1786075184688 
1786075184956 
1786075185189 
1786075185453 
1786075185707 
1786075185954 
1786075186204 
1786075186469 
1786075186756 
1786075187053 
1786075187372 
1786075187638 
1786075187873 
1786075188137 
1786075188406 
1786075191256 
1786075191624 
1786075191902 
1786075192171 
1786075192471 
1786075192704 
1786075192954 
1786075193258 
1786075193537 
1786075193824 
1786075194291 
1786075194741 
1786075195023 
1786075195289 
1786075195554 
1786075195821 
1786075196106 
1786075196389 
1786075196657 
1786075196922 
1786075197256 
1786075197484 
1786075197822 
1786075198156 
1786075198487 
1786075198839 
1786075199273 
1786075199761 
1786075199967 
1786075200222 
1786075200472 
1786075200722 
1786075200968 
1786075201486 
1786075202039 
1786075202442 
1786075202807 
1786075203109 
1786075203390 
1786075203873 
1786075204257 
1786075204606 
1786075205059 
1786075207954 
1786075208156 
1786075208364 
1786075208591 
1786075208818 
1786075209009 
1786075209241 
1786075209469 
1786075209676 
1786075210169 
1786075210424 
1786075210655 
1786075210912 
1786075211123 
1786075211393 
1786075211673 
1786075212111 
1786075212358 
1786075212623 
1786075212892 
1786075213157 
1786075213422 
1786075213694 
1786075213989 
1786075214241 
1786075214509 
1786075214774 
1786075215027 
1786075215242 
1786075215537 
1786075215911 
1786075216584 
1786075217209 
1786075217439 
1786075217676 
1786075217936 
1786075218236 
1786075218461 
1786075218726 
1786075218982 
1786075219307 
1786075219591 
1786075219857 
1786075220127 
1786075220408 
1786075220674 
1786075220941 
1786075221236 
1786075221458 
1786075221791 
1786075222040 
1786075222324 
1786075222777 
1786075223058 
1786075223409 
1786075223797 
1786075224476 
1786075224741 
1786075225042 
1786075225442 
1786075225844 
1786075226158 
1786075226527 
1786075227959 
1786075228609 
1786075228846 
1786075229109 
1786075229359 
1786075229626 
1786075229892 
1786075230193 
1786075230442 
1786075230693 
1786075231026 
1786075231259 
1786075231512 
1786075231796 
1786075232042 
1786075232311 
1786075232611 
1786075232844 
1786075233126 
1786075233433 
1786075233708 
1786075234004 
1786075234244 
1786075234527 
1786075234793 
1786075235061 
1786075235344 
1786075235611 
1786075235894 
1786075236164 
1786075236494 
1786075236811 
1786075237127 
1786075237461 
1786075237757 
1786075238006 
1786075238322 
1786075238578 
1786075238847 
1786075239094 
1786075239361 
1786075239656 
1786075239909 
1786075240182 
1786075240444 
1786075240721 
1786075241011 
1786075241262 
1786075241561 
1786075242048 
1786075242390 
1786075242646 
1786075242928 
1786075243266 
1786075243632 
1786075243947 
1786075244246 
1786075244663 
1786075244996 
1786075245366 
1786075245837 
1786075246498 
1786075246844 
1786075247269 
1786075250357 
1786075251382 
1786075251734 
1786075252066 
1786075252451 
1786075252739 
1786075253308 
1786075253834 
1786075254237 
1786075254609 
1786075254896 
1786075255218 
1786075255581 
1786075255914 
1786075256247 
1786075256514 
1786075256814 
1786075257201 
1786075257527 
1786075257798 
1786075258114 
1786075258466 
1786075258811 
1786075259059 
1786075259401 
1786075259798 
1786075260141 
1786075260432 
1786075260748 
1786075261302 
1786075261701 
1786075261983 
1786075262281 
1786075262818 
1786075263068 
1786075263383 
1786075264011 
1786075264566 
1786075264934 
1786075265337 
1786075266489 
1786075267537 
1786075268029 
1786075268512 
1786075269417 
1786075270003 
1786075270397 
1786075270969 
1786075272539 
1786075273037 
1786075273335 
1786075273617 
1786075273944 
1786075274286 
1786075274587 
1786075274852 
1786075275158 
1786075275518 
1786075275784 
1786075276955 
1786075277171 
1786075277251 
1786075277271 
1786075277584 
1786075279071 
1786075279468 
1786075279736 
1786075279984 
1786075280268 
1786075280518 
1786075280769 
1786075281001 
1786075281241 
1786075281519 
1786075281802 
1786075282052 
1786075282336 
1786075282619 
1786075282906 
1786075283152 
1786075283606 
1786075284057 
1786075284329 
1786075284569 
1786075284819 
1786075285085 
1786075285321 
1786075285591 
1786075285887 
1786075286136 
1786075286404 
1786075286671 
1786075286961 
1786075287237 
1786075287521 
1786075287803 
1786075288256 
1786075288671 
1786075288988 
1786075289237 
1786075289523 
1786075289772 
1786075290054 
1786075290346 
1786075290586 
1786075290903 
1786075291187 
1786075291436 
1786075291687 
1786075291936 
1786075292236 
1786075292487 
1786075292783 
1786075293172 
1786075293623 
1786075293944 
1786075294187 
1786075294405 
1786075294659 
1786075294973 
1786075295204 
1786075295488 
1786075295737 
1786075296021 
1786075296306 
1786075296606 
1786075296888 
1786075297154 
1786075297735 
1786075298662 
1786075298876 
1786075299139 
1786075299407 
1786075299676 
1786075299922 
1786075300172 
1786075300460 
1786075300722 
1786075301058 
1786075301302 
1786075301571 
1786075301858 
1786075302137 
1786075302421 
1786075302738 
1786075303034 
1786075303281 
1786075303537 
1786075303839 
1786075304122 
1786075304406 
1786075304636 
1786075304887 
1786075305170 
1786075305440 
1786075305705 
1786075305972 
1786075306239 
1786075306821 
1786075307336 
1786075307636 
1786075307936 
1786075308240 
1786075308440 
1786075308891 
1786075309436 
1786075309873 
1786075310428 
1786075310938 
1786075311460 
1786075311992 
1786075312509 
1786075313075 
1786075314843 
1786075315342 
1786075318270 
1786075318861 
1786075320191 
1786075320641 
1786075320996 
1786075321350 
1786075321722 
1786075322040 
1786075322336 
1786075322623 
1786075322975 
1786075323336 
1786075323702 
1786075324025 
1786075324528 
1786075324840 
1786075325270 
1786075326267 
1786075327276 
1786075327560 
1786075327839 
1786075328140 
1786075328427 
1786075328695 
1786075328966 
1786075329256 
1786075329507 
1786075329806 
1786075330100 
1786075330402 
1786075331638 
1786075331864 
1786075332203 
1786075332535 
1786075333036 
1786075333308 
1786075333573 
1786075333883 
1786075334158 
1786075334422 
1786075334723 
1786075334975 
1786075335395 
1786075335675 
1786075335942 
1786075336323 
1786075336867 
1786075337166 
1786075337506 
1786075337890 
1786075338575 
1786075338836 
1786075339261 
1786075339623 
1786075340092 
1786075340375 
1786075340721 
1786075341865 
1786075342615 
1786075342857 
1786075343211 
1786075343637 
1786075344187 
1786075344461 
1786075344797 
1786075346892 
1786075347342 
1786075347592 
1786075347875 
1786075348177 
1786075348494 
1786075348809 
1786075349125 
1786075349410 
1786075349758 
1786075350092 
1786075350458 
1786075350886 
1786075351440 
1786075351843 
1786075352336 
1786075365524 
1786106424678 
1786106425102 
1786106425302 
1786106425313 
1786106425532 
1786106425768 
1786106425953 
1786106426199 
1786106426434 
1786106426684 
1786106426933 
1786106427182 
1786106427417 
1786106427682 
1786106427900 
1786106428149 
1786106428385 
1786106428633 
1786106428900 
1786106429134 
1786106429367 
1786106429599 
1786106429854 
1786106430099 
1786106430352 
1786106430584 
1786106430818 
1786106431050 
1786106431283 
1786106431534 
1786106431761 
1786106432012 
1786106432249 
1786106432497 
1786106432767 
1786106432950 
1786106433184 
1786106433402 
1786106433634 
1786106433867 
1786106434102 
1786106434334 
1786106434602 
1786106434835 
1786106435085 
1786106435352 
1786106435602 
1786106435852 
1786106436119 
1786106436387 
1786106436637 
1786106436903 
1786106437137 
1786106437420 
1786106437670 
1786106437937 
1786106438187 
1786106438437 
1786106438720 
1786106439272 
1786106439537 
1786106439954 
1786106440238 
1786106440537 
1786106440872 
1786106441187 
1786106441472 
1786106441755 
1786106442055 
1786106442305 
1786106442605 
1786106442873 
1786106443157 
1786106443439 
1786106443707 
1786106443973 
1786106444255 
1786106444820 
1786106444943 
1786106445058 
1786106445339 
1786106445619 
1786106445855 
1786106446109 
1786106446373 
1786106446662 
1786106446957 
1786106447223 
1786106447542 
1786106447840 
1786106448124 
1786106448416 
1786106448692 
1786106449007 
1786106449324 
1786106449725 
1786106450143 
1786106450425 
1786106450714 
1786106450976 
1786106451225 
1786106451524 
1786106451792 
1786106452059 
1786106452342 
1786106452659 
1786106452942 
1786106453245 
1786106453645 
1786106453975 
1786106454275 
1786106454728 
1786106455260 
1786106455519 
1786106455744 
1786106456010 
1786106456296 
1786106456564 
1786106456845 
1786106457110 
1786106457393 
1786106457732 
1786106458027 
1786106458364 
1786106458662 
1786106459013 
1786106459348 
1786106459727 
