1770531760454 
1770531760630 
1770531760703 
1770531760832 
1770531760875 
1770531760940 
1770531760951 
1770531761082 
1770531761226 
1770531761371 
1770531761535 
1770531761702 
1770531761881 
1770531762023 
1770531762171 
1770531762343 
1770531762492 
1770531762659 
1770531762841 
1770531762973 
1770531763153 
1770531763283 
1770531763451 
1770531763595 
1770531763774 
1770531763923 
1770531764077 
1770531764227 
1770531764389 
1770531764561 
1770531764715 
1770531764856 
1770531765021 
1770531765190 
1770531765337 
1770531765501 
1770531765636 
1770531765836 
1770531765985 
1770531766117 
1770531766588 
1770531766894 
1770531767065 
1770531767473 
1770531767748 
1770531781546 
1770531782541 
1770531783067 
1770531783521 
1770531784241 
1770531784720 
1770531785231 
1770531785501 
1770531786321 
1770531786721 
1770531787301 
1770531787840 
1770531789161 
1770531789580 
1770531789757 
1770531790257 
1770531790937 
1770531791457 
1770531791817 
1770531792322 
1770531792722 
1770531793087 
1770531793463 
1770531793923 
1770531794347 
1770531794617 
1770531794942 
1770531795822 
1770531795986 
1770531796143 
1770531796310 
1770531796671 
1770560711203 
1770560711470 
1770560711683 
1770560711770 
1770560711898 
1770560712055 
1770560712273 
1770560712639 
1770560712979 
1770560713319 
1770560990899 
1770560991599 
1770560992141 
1770560992460 
1770560992721 
1770560992941 
1770560993125 
1770560993337 
1770560993519 
1770560993717 
1770560993920 
1770560994167 
1770560994294 
1770560994470 
1770560994670 
1770560995132 
1770560995151 
1770560995348 
1770560995630 
1770560995663 
1770560995833 
1770560996020 
1770560996175 
1770560996346 
1770560996608 
1770560996716 
1770560997004 
1770560997084 
1770560997279 
1770560997479 
1770560997667 
1770560997869 
1770560998071 
1770560998254 
1770560998448 
1770560998659 
1770560998842 
1770560999067 
1770560999267 
1770560999459 
1770560999660 
1770560999861 
1770561000086 
1770561000276 
1770561000464 
1770561000908 
1770561000909 
1770561001069 
1770561001251 
1770561001451 
1770561001671 
1770561001891 
1770561002101 
1770561002283 
1770561002491 
1770561002714 
1770561002913 
1770561003172 
1770561003312 
1770561003522 
1770561003706 
1770561003921 
1770561004122 
1770561004314 
1770561004538 
1770561004729 
1770561004919 
1770561005112 
1770561005331 
1770561005515 
1770561005808 
1770561005947 
1770561006118 
1770561006318 
1770561006538 
1770561006690 
1770561006963 
1770561007097 
1770561007270 
1770561007448 
1770561007628 
1770561007810 
1770561008008 
1770561008187 
1770561008388 
1770561008588 
1770561008798 
1770561008989 
1770561009228 
1770561009448 
1770561009655 
1770561009828 
1770561010043 
1770561010428 
1770561010610 
1770561010807 
1770561011018 
1770561011227 
1770561011408 
1770561011607 
1770561011817 
1770561011986 
1770561012189 
1770561012388 
1770561012571 
1770561012778 
1770561012978 
1770561013162 
1770561013358 
1770561013558 
1770561013757 
1770561013976 
1770561014160 
1770561014389 
1770561014597 
1770561014806 
1770561015025 
1770561015198 
1770561015433 
1770561015629 
1770561015848 
1770561016077 
1770561016300 
1770561016488 
1770561016692 
1770561016929 
1770561017141 
1770561017351 
1770561017573 
1770561017793 
1770561017985 
1770561018193 
1770561018405 
1770561018596 
1770561018805 
1770561019026 
1770561019234 
1770561019447 
1770561019653 
1770561019858 
1770561020068 
1770561020314 
1770561020497 
1770561020716 
1770561020944 
1770561021146 
1770561021338 
1770561021556 
1770561021775 
1770561022024 
1770561022215 
1770561022416 
1770561022636 
1770561022819 
1770561023037 
1770561023237 
1770561023447 
1770561023656 
1770561023867 
1770561024079 
1770561024295 
1770561024493 
1770561024748 
1770561024878 
1770561025928 
1770561026099 
1770561026308 
1770561026525 
1770561026728 
1770561026947 
1770561027129 
1770561027357 
1770561027578 
1770561027788 
1770561027987 
1770561028218 
1770561028436 
1770561028637 
1770561028846 
1770561029101 
1770561029323 
1770561029510 
1770561029762 
1770561029972 
1770561030203 
1770561030414 
1770561030624 
1770561030845 
1770561031054 
1770561031284 
1770561031512 
1770561031713 
1770561031914 
1770561032115 
1770561032324 
1770561032510 
1770561032734 
1770561032962 
1770561033144 
1770561033373 
1770561033590 
1770561033784 
1770561033984 
1770561034212 
1770561034434 
1770561034642 
1770561034844 
1770561035064 
1770561035274 
1770561035485 
1770561035703 
1770561035889 
1770561036094 
1770561036304 
1770561036514 
1770561036724 
1770561036910 
1770561037126 
1770561037334 
1770561037562 
1770561037747 
1770561037954 
1770561038174 
1770561038384 
1770561038584 
1770561038784 
1770561039005 
1770561039235 
1770561039444 
1770561039661 
1770561039864 
1770561040084 
1770561040304 
1770561040514 
1770561040735 
1770561040934 
1770561041128 
1770561041324 
1770561041535 
1770561041744 
1770561041962 
1770561042147 
1770561042390 
1770561042614 
1770561042794 
1770561043024 
1770561043209 
1770561043422 
1770561043608 
1770561043843 
1770561044015 
1770561044214 
1770561044442 
1770561044665 
1770561044904 
1770561045124 
1770561045354 
1770561045554 
1770561045764 
1770561045984 
1770561046214 
1770561046434 
1770561046654 
1770561046864 
1770561047104 
1770561047334 
1770561047584 
1770561047814 
1770561048044 
1770561048264 
1770561048504 
1770561048744 
1770561048964 
1770561049185 
1770561049422 
1770561049624 
1770561049854 
1770561050084 
1770561050294 
1770561050542 
1770561050744 
1770561050982 
1770561051214 
1770561051434 
1770561051654 
1770561051874 
1770561052094 
1770561052324 
1770561052566 
1770561052794 
1770561053024 
1770561053280 
1770561053484 
1770561053704 
1770561053952 
1770561054144 
1770561054354 
1770561054600 
1770561054852 
1770561055055 
1770561055262 
1770561055485 
1770561055703 
1770561055924 
1770561056164 
1770561056395 
1770561056596 
1770561056834 
1770561057044 
1770561057272 
1770561057458 
1770561057674 
1770561057892 
1770561058104 
1770561058314 
1770561058514 
1770561058734 
1770561058944 
1770561059165 
1770561059384 
1770561059604 
1770561059824 
1770561060034 
1770561060244 
1770561060455 
1770561060672 
1770561060882 
1770561061073 
1770561063801 
1770561063964 
1770561064149 
1770561064364 
1770561064574 
1770561064792 
1770561064975 
1770561065374 
1770561065559 
1770561065745 
1770561074575 
1770561074761 
1770561074964 
1770561075134 
1770561075332 
1770561075523 
1770561075709 
1770561075884 
1770561076066 
1770561076251 
1770561076454 
1770561076634 
1770561076820 
1770561077034 
1770561077194 
1770561077380 
1770561077604 
1770561077774 
1770561077975 
1770561078174 
1770561078374 
1770561078561 
1770561078765 
1770561078950 
1770561079144 
1770561079354 
1770561079541 
1770561079744 
1770561079965 
1770561080184 
1770561080404 
1770561080584 
1770561080804 
1770561081015 
1770561081200 
1770561081414 
1770561081601 
1770561081804 
1770561082015 
1770561082208 
1770561082404 
1770561082614 
1770561082834 
1770561083020 
1770561083224 
1770561083425 
1770561083624 
1770561083844 
1770561084054 
1770561084284 
1770561084510 
1770561084702 
1770561084915 
1770561085152 
1770561085364 
1770561085584 
1770561085784 
1770561086004 
1770561086204 
1770561086434 
1770561086622 
1770561086825 
1770561087034 
1770561087220 
1770561087434 
1770561087654 
1770561087854 
1770561088054 
1770561088283 
1770561088468 
1770561088685 
1770561088902 
1770561089087 
1770561089304 
1770561089524 
1770561089756 
1770561089965 
1770561090185 
1770561090413 
1770561090633 
1770561090855 
1770561091054 
1770561091284 
1770561091494 
1770561091705 
1770561091925 
1770561092144 
1770561092354 
1770561092539 
1770561092764 
1770561092964 
1770561093175 
1770561093382 
1770561093605 
1770561093844 
1770561094064 
1770561094285 
1770561094512 
1770561094735 
1770561094944 
1770561095173 
1770561095394 
1770561095604 
1770561095832 
1770561096044 
1770561096284 
1770561096512 
1770561096724 
1770561096963 
1770561097174 
1770561097394 
1770561097614 
1770561097824 
1770561098054 
1770561098275 
1770561098494 
1770561098714 
1770561098952 
1770561099154 
1770561099354 
1770561099547 
1770561099740 
1770561099944 
1770561100165 
1770561100349 
1770561100525 
1770561100710 
1770561100925 
1770561101136 
1770561101329 
1770561101544 
1770561101754 
1770561101955 
1770561102175 
1770561102361 
1770561102546 
1770561102755 
1770561102954 
1770561103184 
1770561103365 
1770561103585 
1770561103795 
1770561103980 
1770561104202 
1770561104404 
1770561104604 
1770561104853 
1770561105094 
1770561105324 
1770561105543 
1770561105775 
1770561105985 
1770561106215 
1770561106445 
1770561106664 
1770561106885 
1770561107115 
1770561107345 
1770561107565 
1770561107774 
1770561107975 
1770561108195 
1770561108404 
1770561108626 
1770561108844 
1770561109030 
1770561109264 
1770561109464 
1770561109685 
1770561109905 
1770561110134 
1770561110362 
1770561110575 
1770561110794 
1770561111014 
1770561111264 
1770561111505 
1770561111714 
1770561111934 
1770561112146 
1770561112384 
1770561112615 
1770561112825 
1770561113055 
1770561113265 
1770561113474 
1770561113694 
1770561113914 
1770561114154 
1770561114335 
1770561114554 
1770561114774 
1770561114976 
1770561115194 
1770561115434 
1770561115620 
1770561115845 
1770561116054 
1770561116240 
1770561116454 
1770561116665 
1770561116874 
1770561117093 
1770561117313 
1770561117532 
1770561117734 
1770561117971 
1770561118175 
1770561118385 
1770561118603 
1770561118813 
1770561118994 
1770561119205 
1770561119405 
1770561119624 
1770561119854 
1770561120085 
1770561120295 
1770561120514 
1770561120714 
1770561120925 
1770561121145 
1770561121375 
1770561121585 
1770561121795 
1770561122045 
1770561122245 
1770561122474 
1770561122685 
1770561122925 
1770561123155 
1770561123355 
1770561123585 
1770561123785 
1770561124014 
1770561124285 
1770561124514 
1770561124725 
1770561124945 
1770561125174 
1770561125414 
1770561125643 
1770561125885 
1770561126105 
1770561126325 
1770561126595 
1770561126805 
1770561127025 
1770561127254 
1770561127505 
1770561127705 
1770561127945 
1770561128186 
1770561128424 
1770561128664 
1770561128903 
1770561129145 
1770561129330 
1770561129535 
1770561129755 
1770561129965 
1770561130185 
1770561130415 
1770561130645 
1770561130865 
1770561131093 
1770561131315 
1770561131534 
1770561131765 
1770561131975 
1770561132185 
1770561132413 
1770561132624 
1770561132845 
1770561133084 
1770561133305 
1770561133515 
1770561133755 
1770561133995 
1770561134235 
1770561134454 
1770561134693 
1770561134915 
1770561135135 
1770561135365 
1770561135595 
1770561135834 
1770561136073 
1770561136294 
1770561136502 
1770561136755 
1770561136993 
1770561137204 
1770561137415 
1770561137645 
1770561137875 
1770561138115 
1770561138345 
1770561138575 
1770561138805 
1770561139035 
1770561139923 
1770561140325 
1770561140505 
1770561140726 
1770561140925 
1770561141124 
1770561141326 
1770561141545 
1770561141731 
1770561141935 
1770561142145 
1770561142374 
1770561142560 
1770561142765 
1770561142995 
1770561143215 
1770561143445 
1770561143685 
1770561143905 
1770561144115 
1770561144347 
1770561144594 
1770561144781 
1770561145015 
1770561145265 
1770561145465 
1770561145685 
1770561145895 
1770561146115 
1770561146325 
1770561146525 
1770561146753 
1770561146938 
1770561147183 
1770561147395 
1770561147580 
1770561147795 
1770561148005 
1770561148225 
1770561148435 
1770561148644 
1770561148855 
1770561149065 
1770561149281 
1770561149535 
1770561149735 
1770561149965 
1770561150158 
1770561150366 
1770561150575 
1770561150794 
1770561151005 
1770561151205 
1770561151405 
1770561151615 
1770561151835 
1770561152055 
1770561152273 
1770561152455 
1770561152685 
1770561152925 
1770561153085 
1770561153303 
1770561153485 
1770561153671 
1770561153905 
1770561154090 
1770561154305 
1770561154505 
1770561154725 
1770561154955 
1770561155173 
1770561155358 
1770561155585 
1770561155795 
1770561155980 
1770561156215 
1770561156415 
1770561156615 
1770561156835 
1770561157065 
1770561157265 
1770561157495 
1770561157734 
1770561157935 
1770561158155 
1770561158395 
1770561158635 
1770561158855 
1770561159085 
1770561159325 
1770561159546 
1770561159775 
1770561160005 
1770561160245 
1770561160485 
1770561160715 
1770561160945 
1770561161185 
1770561161385 
1770561161605 
1770561161825 
1770561162035 
1770561162295 
1770561162525 
1770561162711 
1770561162973 
1770561163185 
1770561163435 
1770561163675 
1770561163894 
1770561164132 
1770561164374 
1770561164594 
1770561164814 
1770561165069 
1770561165255 
1770561165490 
1770561165718 
1770561165950 
1770561166178 
1770561166394 
1770561166624 
1770561166865 
1770561167120 
1770561167336 
1770561167574 
1770561167797 
1770561168007 
1770561168234 
1770561168438 
1770561168677 
1770561168877 
1770561169065 
1770561169255 
1770561169445 
1770561169665 
1770561169847 
1770561170075 
1770561170289 
1770561170528 
1770561170708 
1770561170919 
1770561171157 
1770561171399 
1770561171606 
1770561171828 
1770561172048 
1770561172270 
1770561172498 
1770561172728 
1770561172968 
1770561173189 
1770561173408 
1770561173629 
1770561173888 
1770561174129 
1770561174348 
1770561174558 
1770561174806 
1770561175018 
1770561175249 
1770561175469 
1770561175708 
1770561175976 
1770561176208 
1770561176449 
1770561176648 
1770561176888 
1770561177089 
1770561177338 
1770561177559 
1770561177788 
1770561177998 
1770561178209 
1770561178457 
1770561178676 
1770561178878 
1770561179146 
1770561179359 
1770561179578 
1770561179790 
1770561180030 
1770561180270 
1770561180510 
1770561180730 
1770561180959 
1770561181190 
1770561181420 
1770561181657 
1770561181898 
1770561182120 
1770561182338 
1770561182568 
1770561182780 
1770561182990 
1770561183228 
1770561183431 
1770561183660 
1770561183881 
1770561184128 
1770561184360 
1770561184598 
1770561184800 
1770561185038 
1770561185271 
1770561185510 
1770561185760 
1770561186000 
1770561186224 
1770561186460 
1770561186688 
1770561186920 
1770561187138 
1770561187368 
1770561187600 
1770561187810 
1770561188030 
1770561188270 
1770561188508 
1770561188720 
1770561188960 
1770561189188 
1770561189428 
1770561189670 
1770561189879 
1770561190120 
1770561190348 
1770561190570 
1770561190818 
1770561191030 
1770561191260 
1770561191490 
1770561191710 
1770561191928 
1770561192150 
1770561192370 
1770561192580 
1770561192820 
1770561193050 
1770561193270 
1770561193500 
1770561193728 
1770561193940 
1770561194150 
1770561194370 
1770561194570 
1770561194780 
1770561194989 
1770561195210 
1770561195420 
1770561195660 
1770561195869 
1770561196127 
1770561196348 
1770561196576 
1770561196788 
1770561197024 
1770561197244 
1770561197444 
1770561197704 
1770561197953 
1770561198192 
1770561198423 
1770561198663 
1770561198924 
1770561199123 
1770561199334 
1770561199564 
1770561199784 
1770561200014 
1770561200254 
1770561200473 
1770561200679 
1770561200909 
1770561201121 
1770561201347 
1770561201569 
1770561201789 
1770561202009 
1770561202229 
1770561202439 
1770561202639 
1770561202849 
1770561203049 
1770561203259 
1770561203459 
1770561203679 
1770561203887 
1770561204097 
1770561204299 
1770561204527 
1770561204747 
1770561204957 
1770561205159 
1770561205397 
1770561205579 
1770561205809 
1770561206029 
1770561206249 
1770561206469 
1770561206679 
1770561206899 
1770561207149 
1770561207332 
1770561207549 
1770561207769 
1770561207969 
1770561208189 
1770561208419 
1770561208639 
1770561208849 
1770561209060 
1770561209269 
1770561209469 
1770561209689 
1770561209889 
1770561210069 
1770561210299 
1770561210481 
1770561210687 
1770561210917 
1770561211139 
1770561211367 
1770561211579 
1770561211759 
1770561211959 
1770561212199 
1770561212399 
1770561212609 
1770561212809 
1770561213009 
1770561213229 
1770561213437 
1770561213629 
1770561213839 
1770561214067 
1770561214269 
1770561214477 
1770561214660 
1770561214869 
1770561215089 
1770561215318 
1770561215501 
1770561216857 
1770561217047 
1770561217229 
1770561217492 
1770561217685 
1770561217874 
1770561218126 
1770561218385 
1770561218643 
1770561218846 
1770561219104 
1770561219324 
1770561219572 
1770561219776 
1770561219994 
1770561220256 
1770561220476 
1770561220730 
1770561220942 
1770561221146 
1770561221386 
1770561221636 
1770561221856 
1770561222102 
1770561222336 
1770561222584 
1770561222796 
1770561223065 
1770561223247 
1770561223486 
1770561224034 
1770561224035 
1770561224252 
1770561224376 
1770561224606 
1770561224854 
1770561225056 
1770561225277 
1770561225494 
1770561225706 
1770561225924 
1770561226116 
1770561226325 
1770561226526 
1770561226756 
1770561226984 
1770561227224 
1770561227446 
1770561227687 
1770561227906 
1770561228134 
1770561228364 
1770561228576 
1770561228795 
1770561229035 
1770561229298 
1770561229516 
1770561229736 
1770561229955 
1770561230176 
1770561230406 
1770561230664 
1770561230845 
1770561231086 
1770561231306 
1770561231554 
1770561231766 
1770561232016 
1770561232197 
1770561232426 
1770561232656 
1770561232886 
1770561233106 
1770561233306 
1770561233534 
1770561233717 
1770561233926 
1770561234134 
1770561234336 
1770561234557 
1770561234776 
1770561235016 
1770561235236 
1770561235475 
1770561235694 
1770561235906 
1770561236146 
1770561236376 
1770561236606 
1770561236846 
1770561237074 
1770561237284 
1770561237504 
1770561237726 
1770561237956 
1770561238186 
1770561238426 
1770561238666 
1770561238886 
1770561239086 
1770561239306 
1770561239536 
1770561239764 
1770561239974 
1770561240176 
1770561240414 
1770561240626 
1770561240837 
1770561241056 
1770561241276 
1770561241497 
1770561241714 
1770561241926 
1770561242136 
1770561242347 
1770561242557 
1770561242784 
1770561243006 
1770561243186 
1770561243424 
1770561243634 
1770561243863 
1770561244086 
1770561244346 
1770561244586 
1770561244807 
1770561245046 
1770561245296 
1770561245524 
1770561245762 
1770561246020 
1770561246226 
1770561246474 
1770561246738 
1770561246936 
1770561247136 
1770561247393 
1770561247606 
1770561247981 
1770561248090 
1770561248329 
1770561248550 
1770561248770 
1770561248990 
1770561249219 
1770561249420 
1770561249620 
1770561249848 
1770561250062 
1770561250261 
1770561250490 
1770561250700 
1770561250920 
1770561251150 
1770561251370 
1770561251590 
1770561251808 
1770561252021 
1770561252240 
1770561252450 
1770561252660 
1770561252890 
1770561253072 
1770561253290 
1770561253500 
1770561253700 
1770561253918 
1770561254140 
1770561254359 
1770561254576 
1770561254760 
1770561254962 
1770561255567 
1770561255568 
1770561255617 
1770561255839 
1770561256051 
1770561256272 
1770561256521 
1770561256751 
1770561257009 
1770561257231 
1770561257460 
1770561257721 
1770561257939 
1770561258170 
1770561258403 
1770561258642 
1770561258873 
1770561259110 
1770561259323 
1770561259541 
1770561259771 
1770561260010 
1770561260230 
1770561260463 
1770561260682 
1770561260922 
1770561261162 
1770561261412 
1770561261662 
1770561261902 
1770561262123 
1770561262371 
1770561262602 
1770561262842 
1770561263073 
1770561263325 
1770561263572 
1770561263812 
1770561264040 
1770561264255 
1770561264492 
1770561264703 
1770561264945 
1770561265202 
1770561265421 
1770561265641 
1770561265882 
1770561266123 
1770561266361 
1770561266611 
1770561266840 
1770561267051 
1770561267282 
1770561267493 
1770561267711 
1770561267925 
1770561268124 
1770561268324 
1770561268553 
1770561268782 
1770561268993 
1770561269238 
1770561269422 
1770561269645 
1770561269958 
1770561270185 
1770561270361 
1770561270556 
1770561270810 
1770561271017 
1770561271273 
1770561271468 
1770561271722 
1770561271961 
1770561272174 
1770561272405 
1770561272641 
1770561272883 
1770561273144 
1770561273240 
1770561273452 
1770561273690 
1770561273884 
1770561274155 
1770561274402 
1770561274670 
1770561274799 
1770561275168 
1770561275358 
1770561275483 
1770561275851 
1770561276001 
1770561276214 
1770561276315 
1770561276618 
1770561276805 
1770561277050 
1770561277162 
1770561277474 
1770561277976 
1770561278087 
1770561278119 
1770561278577 
1770561278658 
1770561279135 
1770561279256 
1770561280144 
1770561280148 
1770561280160 
1770561280161 
1770561280335 
1770561280344 
1770561280344 
1770561280465 
1770561280676 
1770561280886 
1770561281097 
1770561281278 
1770561281478 
1770561281675 
1770561281895 
1770561282106 
1770561282317 
1770561282524 
1770561282735 
1770561282958 
1770561283167 
1770561283396 
1770561283606 
1770561283847 
1770561284077 
1770561284289 
1770561284507 
1770561284708 
1770561284959 
1770561285166 
1770561285402 
1770561285618 
1770561285849 
1770561286081 
1770561286270 
1770561286525 
1770561286740 
1770561286948 
1770561287177 
1770561287398 
1770561287628 
1770561287858 
1770561288098 
1770561288306 
1770561288548 
1770561288777 
1770561288997 
1770561289227 
1770561289457 
1770561289686 
1770561289906 
1770561290128 
1770561290348 
1770561290583 
1770561290847 
1770561291077 
1770561291318 
1770561291554 
1770561291783 
1770561291988 
1770561292193 
1770561292408 
1770561292641 
1770561292836 
1770561293108 
1770561293310 
1770561293534 
1770561293752 
1770561293984 
1770561294217 
1770561294399 
1770561294644 
1770561294865 
1770561295070 
1770561295277 
1770561295519 
1770561295757 
1770561295944 
1770561296192 
1770561296398 
1770561296606 
1770561296815 
1770561297036 
1770561297262 
1770561297484 
1770561297669 
1770561297887 
1770561298118 
1770561298346 
1770561298557 
1770561298757 
1770561298988 
1770561299206 
1770561299416 
1770561299656 
1770561299894 
1770561300105 
1770561300334 
1770561300566 
1770561300784 
1770561301016 
1770561301236 
1770561301466 
1770561301696 
1770561301926 
1770561302136 
1770561302344 
1770561302556 
1770561302774 
1770561303006 
1770561303226 
1770561303456 
1770561303676 
1770561303916 
1770561304129 
1770561304336 
1770561304589 
1770561304836 
1770561305036 
1770561305266 
1770561305506 
1770561305736 
1770561305956 
1770561306206 
1770561306426 
1770561306655 
1770561306886 
1770561307126 
1770561307376 
1770561307616 
1770561307826 
1770561308046 
1770561308266 
1770561308516 
1770561308776 
1770561308986 
1770561309186 
1770561309416 
1770561309636 
1770561309856 
1770561310086 
1770561310306 
1770561310535 
1770561310756 
1770561310976 
1770561311196 
1770561311416 
1770561311636 
1770561311856 
1770561312066 
1770561312304 
1770561312526 
1770561312746 
1770561312984 
1770561313186 
1770561313426 
1770561313646 
1770561313856 
1770561314075 
1770561314295 
1770561314522 
1770561314984 
1770561314985 
1770561315126 
1770561315337 
1770561315552 
1770561316132 
1770561316320 
1770561316940 
1770561317120 
1770561317561 
1770611894179 
1770611894648 
1770611895054 
1770611895271 
1770611896914 
1770611897165 
1770611897371 
1770611897745 
1770611898115 
1770611898810 
1770611899143 
1770611899429 
1770611899589 
1770611899752 
1770611899894 
1770611900064 
1770611901197 
1770611901413 
1770611901564 
1770611901727 
1770611902027 
1770611902217 
1770611902675 
1770611903272 
1770611903631 
1770611904349 
1770611905027 
1770611905531 
1770611906108 
1770611907245 
1770611907674 
1770611908237 
1770619319382 
1770619319547 
1770619319936 
1770619320127 
1770619320274 
1770619320454 
1770619320635 
1770619321311 
1770619321470 
1770619321639 
1770619321842 
1770619322219 
1770619322398 
1770619322585 
1770619323013 
1770619323193 
1770619323365 
1770619323531 
1770619323718 
1770619324108 
1770619324574 
1770619324761 
1770619324917 
1770619325099 
1770619325271 
1770619325789 
1770619325975 
1770619326147 
1770619326343 
1770619326733 
1770619326943 
1770619327939 
1770619328122 
1770619328292 
1770619328615 
1770619328811 
1770619329004 
1770619329290 
1770619329478 
1770619329665 
1770619330123 
1770619330633 
1770619330828 
1770619331030 
1770619331233 
1770619331466 
1770619331858 
1770619332028 
1770619332193 
1770619332373 
1770619332549 
1770619332878 
1770619333056 
1770619333236 
1770619333644 
1770619334001 
1770619334272 
1770619334692 
1770619334863 
1770619335021 
1770619336844 
1770619337023 
1770619337233 
1770619337443 
1770619337645 
1770619337842 
1770619338037 
1770619338412 
1770619338607 
1770619338793 
1770619338996 
1770619339198 
1770619340519 
1770619340720 
1770619340922 
1770619341223 
1770619341431 
1770619341654 
1770619341897 
1770619342130 
1770619342408 
1770619342716 
1770619343001 
1770619343217 
1770619343511 
1770619343841 
1770619344146 
1770619344493 
1770619344816 
1770619345477 
1770619345677 
1770619345843 
1770619346023 
1770694664493 
1770694665074 
1770694666011 
1770694666225 
1770694666775 
1770694667003 
1770694667279 
1770694667797 
1770694668373 
1770694668587 
1770694677696 
1770694677909 
1770694678434 
1770694678616 
1770694679032 
1770694679500 
1770694679917 
1770694681056 
1770694681433 
1770694681799 
1770694682536 
1770694683333 
1770694683816 
1770694686472 
1770694689105 
1770694689400 
1770694689867 
1770694690132 
1770694690599 
1770694691016 
1770694691366 
1770694693656 
1770694696949 
1770694697283 
1770694698316 
1770694699602 
1770694699817 
1770694706198 
1770694706410 
1770694706550 
1770694706665 
1770694706915 
1770694707116 
1770694707384 
1770694707656 
1770694707850 
1770694708166 
1770694708483 
1770694709123 
1770694709550 
1770694709917 
1770694710873 
1770694711182 
1770694711492 
1770694711649 
1770694712288 
1770694713590 
1770694718356 
1770694718567 
1770694718658 
1770694718985 
1770694719658 
1770694720084 
1770694720566 
1770694721991 
1770694722451 
1770694723306 
1770694725124 
1770695464968 
1770695465142 
1770695465308 
1770695465455 
1770695465623 
1770696485650 
1770696485903 
1770696486331 
1770696486543 
1770696486755 
1770696487205 
1770696487372 
1770696487545 
1770696487733 
1770696488083 
1770696489382 
1770696489794 
1770696490275 
1770696491330 
1770696491544 
1770696491710 
1770696914123 
1770696914336 
1770696914551 
1770696914730 
1770696939091 
1770696939236 
1770696939378 
1770696939534 
1770696939695 
1770696939843 
1770696940243 
1770696977582 
1770696977728 
1770696977891 
1770696978033 
1770696978205 
1770696992239 
1770696992460 
1770696992682 
1770697004144 
1770697005484 
1770697006391 
1770697007008 
1770697007080 
1770697008104 
1770697008259 
1770697009226 
1770697009346 
1770697009730 
1770697009885 
1770697010243 
1770697010374 
1770697012728 
1770697013524 
1770697018339 
1770697018990 
1770697024545 
1770697024622 
1770697025512 
1770697025596 
1770697025708 
1770697025911 
1770697033666 
1770697035414 
1770697035739 
1770697036767 
1770697037537 
1770697038194 
1770697038936 
1770697040646 
1770697041029 
1770697041770 
1770697042386 
1770697043069 
1770697043975 
1770697045403 
1770697047522 
1770697056214 
1770697058213 
1770697061273 
1770697061434 
1770697069844 
1770697070440 
1770697071895 
1770697072289 
1770697081505 
1770697082728 
1770697083030 
1770697083149 
1770697084906 
1770697092002 
1770697092189 
1770697092344 
1770697092501 
1770697092652 
1770697092818 
1770697092981 
1770697093168 
1770697093608 
1770697094672 
1770697097177 
1770697100285 
1770697100444 
1770697100602 
1770697100761 
1770697102727 
1770697103905 
1770697104501 
1770697105108 
1770697105252 
1770697107030 
1770697107571 
1770697107943 
1770697110993 
1770697111494 
1770697111682 
1770697114354 
1770697114427 
1770697114583 
1770697114828 
1770697114906 
1770697118122 
1770697121323 
1770697123661 
1770697124303 
1770697124886 
1770697125247 
1770697125706 
1770697126046 
1770697126325 
1770697126796 
1770697128512 
1770697129704 
1770697130259 
1770697131808 
1770697132429 
1770697133418 
1770697134264 
1770697135372 
1770697137362 
1770697137560 
1770697138905 
1770697145783 
1770697146859 
1770697150283 
1770697151149 
1770697152204 
1770697152762 
1770697153850 
1770697155137 
1770697156058 
1770697156706 
1770697168809 
1770697170769 
1770697171332 
1770697171939 
1770697172439 
1770697173126 
1770697173847 
1770697174557 
1770697175152 
1770697175804 
1770697176441 
1770697177200 
1770697177825 
1770697178330 
1770697178890 
1770697179487 
1770697179998 
1770697180783 
1770697181486 
1770697185000 
1770697185713 
1770697186366 
1770697186835 
1770697188106 
1770697188548 
1770697192283 
1770697193291 
1770697193836 
1770697194282 
1770697194806 
1770697195279 
1770697196749 
1770697196834 
1770697199706 
1770697202797 
1770697205182 
1770697206607 
1770697206830 
1770697207256 
1770697207901 
1770697207996 
1770697208290 
1770697208609 
1770697208790 
1770697208938 
1770697209044 
1770697209405 
1770697209796 
1770697210292 
1770697211899 
1770697212653 
1770697213420 
1770697213762 
1770697214110 
1770697214577 
1770697214842 
1770697215725 
1770697216437 
1770697216674 
1770697217222 
1770697217862 
1770697218204 
1770697218856 
1770697219331 
1770697219842 
1770697220322 
1770697220811 
1770697221315 
1770697221741 
1770697222443 
1770697223047 
1770697226298 
1770697229535 
1770697233455 
1770700016594 
1770700016659 
1770700016808 
1770700016904 
1770700017120 
1770700017622 
1770700017993 
1770700018154 
1770700018320 
1770700018471 
1770700018640 
1770700018803 
1770700018953 
1770700019222 
1770700019605 
1770700020142 
1770700020321 
1770700020482 
1770700020699 
1770700021036 
1770700021827 
1770700022288 
1770700022507 
1770700022669 
1770700022873 
1770700023038 
1770700023370 
1770700023554 
1770700023737 
1770700023953 
1770700024237 
1770700024440 
1770700024603 
1770700024818 
1770700025171 
1770700025353 
1770700025571 
1770700025988 
1770700026286 
1770700026553 
1770700026937 
1770700027136 
1770700027781 
1770700028006 
1770700028337 
1770700028654 
1770700029019 
1770700029204 
1770700029388 
1770700029654 
1770700029971 
1770700030245 
1770700030489 
1770700030720 
1770700031086 
1770700031287 
1770700031489 
1770700031687 
1770700031920 
1770700032121 
1770700032320 
1770700032738 
1770700033089 
1770700033471 
1770700033653 
1770700033902 
1770700034219 
1770700034554 
1770700034804 
1770700035043 
1770700035487 
1770700035672 
1770700035938 
1770700036371 
1770700036929 
1770700037121 
1770700037304 
1770700037521 
1770700037821 
1770700038003 
1770700038188 
1770700038354 
1770700038539 
1770700038721 
1770700038924 
1770700039104 
1770700040280 
1770700041311 
1770737611117 
1770737611291 
1770737611472 
1770737611670 
1770737611841 
1770737612013 
1770737612176 
1770737612355 
1770737612552 
1770737612729 
1770737612922 
1770737613121 
1770737613324 
1770737613480 
1770737613668 
1770737613870 
1770737614044 
1770737614209 
1770737620540 
1770737620703 
1770737620911 
1770737621069 
1770737621279 
1770737621510 
1770737621619 
1770737621803 
1770737622010 
1770737622312 
1770737622377 
1770737622600 
1770737622855 
1770737622961 
1770737623128 
1770737623362 
1770737623571 
1770737623792 
1770737623914 
1770737624068 
1770737624498 
1770737624514 
1770737624644 
1770737624853 
1770737625069 
1770737625223 
1770737625425 
1770737625641 
1770737625831 
1770737626057 
1770737626272 
1770737626402 
1770737626612 
1770737626798 
1770737627111 
1770737627216 
1770737627436 
1770737627625 
1770737627808 
1770737627996 
1770737628189 
1770737628454 
1770737628607 
1770737628801 
1770737628995 
1770737629229 
1770737629434 
1770737629626 
1770737629819 
1770737630018 
1770737630240 
1770737630431 
1770737630625 
1770737630830 
1770737631014 
1770737631214 
1770737631428 
1770737631640 
1770737631848 
1770737632020 
1770737632234 
1770737632405 
1770737632618 
1770737632806 
1770737633009 
1770737633246 
1770737633413 
1770737633610 
1770737633788 
1770737633975 
1770737634177 
1770737634362 
1770737634563 
1770737634759 
1770737634948 
1770737635119 
1770737635324 
1770737635519 
1770737635728 
1770737635939 
1770737636147 
1770737636366 
1770737636587 
1770737636783 
1770737636984 
1770737637206 
1770737637424 
1770737637614 
1770737637807 
1770737638019 
1770737638195 
1770737638406 
1770737638598 
1770737638802 
1770737638998 
1770737639193 
1770737639417 
1770737639618 
1770737639826 
1770737640031 
1770737640226 
1770737640458 
1770737640654 
1770737640879 
1770737641090 
1770737641314 
1770737641530 
1770737641744 
1770737641977 
1770737642205 
1770737642424 
1770737642635 
1770737642849 
1770737643370 
1770737643371 
1770737643502 
1770737643801 
1770737643944 
1770737644160 
1770737644368 
1770737645425 
1770737645426 
1770737645427 
1770737645427 
1770737645634 
1770737645639 
1770737645798 
1770737646025 
1770737646245 
1770737646487 
1770737646690 
1770737646892 
1770737647100 
1770737647340 
1770737647558 
1770737647774 
1770737647996 
1770737648205 
1770737648436 
1770737648653 
1770737648867 
1770737649103 
1770737649344 
1770737649572 
1770737649783 
1770737650016 
1770737650231 
1770737650461 
1770737650678 
1770737650918 
1770737651168 
1770737651392 
1770737651608 
1770737651856 
1770737652112 
1770737652330 
1770737652566 
1770737652788 
1770737653005 
1770737653239 
1770737653474 
1770737653688 
1770737653961 
1770737654180 
1770737654372 
1770737654607 
1770737654857 
1770737655047 
1770737655248 
1770737655467 
1770737655650 
1770737655863 
1770737656065 
1770737656284 
1770737656486 
1770737656682 
1770737656894 
1770737657125 
1770737657343 
1770737657545 
1770737657744 
1770737657953 
1770737658133 
1770737658344 
1770737658542 
1770737658804 
1770737658946 
1770737659155 
1770737659367 
1770737659574 
1770737659768 
1770737659964 
1770737660175 
1770737660385 
1770737660630 
1770737660820 
1770737661055 
1770737661278 
1770737661470 
1770737661666 
1770737661867 
1770737662088 
1770737662314 
1770737662503 
1770737662734 
1770737662927 
1770737663144 
1770737663363 
1770737663586 
1770737663796 
1770737664031 
1770737664242 
1770737664475 
1770737664694 
1770737664908 
1770737665135 
1770737665355 
1770737665567 
1770737665750 
1770737665996 
1770737666215 
1770737666436 
1770737666654 
1770737666865 
1770737667058 
1770737667316 
1770737667528 
1770737667727 
1770737667960 
1770737668206 
1770737668400 
1770737668600 
1770737668825 
1770737669034 
1770737669254 
1770737669437 
1770737669678 
1770737669864 
1770737670072 
1770737670291 
1770737670471 
1770737670704 
1770737670914 
1770737671135 
1770737671317 
1770737671532 
1770737671722 
1770737671932 
1770737672143 
1770737672360 
1770737672573 
1770737672770 
1770737672983 
1770737673164 
1770737673382 
1770737673633 
1770737673843 
1770737674081 
1770737674293 
1770737674511 
1770737674731 
1770737674913 
1770737675152 
1770737675392 
1770737675641 
1770737675853 
1770737676073 
1770737676294 
1770737676511 
1770737676732 
1770737676944 
1770737677173 
1770737677392 
1770737677611 
1770737677813 
1770737678028 
1770737678232 
1770737678444 
1770737678639 
1770737678851 
1770737679097 
1770737679338 
1770737679544 
1770737679775 
1770737680022 
1770737680232 
1770737680443 
1770737680694 
1770737680925 
1770737681152 
1770737681366 
1770737681564 
1770737681794 
1770737682021 
1770737682202 
1770737682434 
1770737682654 
1770737682872 
1770737683075 
1770737683296 
1770737683516 
1770737683734 
1770737683973 
1770737684193 
1770737684428 
1770737684637 
1770737684858 
1770737685080 
1770737685287 
1770737685514 
1770737685738 
1770737685991 
1770737686203 
1770737686436 
1770737686629 
1770737686843 
1770737687027 
1770737687272 
1770737687463 
1770737687688 
1770737687893 
1770737688112 
1770737688382 
1770737688618 
1770737688786 
1770737689017 
1770737689228 
1770737689451 
1770737689647 
1770737689892 
1770737690122 
1770737690362 
1770737690584 
1770737690826 
1770737691042 
1770737691243 
1770737691540 
1770737691645 
1770737691879 
1770737692079 
1770737692304 
1770737692521 
1770737692695 
1770737692932 
1770737693123 
1770737693378 
1770737693578 
1770737693800 
1770737693985 
1770737694206 
1770737694464 
1770737694650 
1770737694908 
1770737695165 
1770737695370 
1770737695597 
1770737695828 
1770737696032 
1770737696242 
1770737696446 
1770737696651 
1770737696894 
1770737697093 
1770737697305 
1770737697524 
1770737697734 
1770737697948 
1770737698164 
1770737698362 
1770737698586 
1770737698797 
1770737699016 
1770737699215 
1770737699421 
1770737699627 
1770737699863 
1770737700078 
1770737700311 
1770737700528 
1770737700725 
1770737700950 
1770737701188 
1770737701386 
1770737701598 
1770737701825 
1770737702055 
1770737702254 
1770737702491 
1770737702712 
1770737702916 
1770737703185 
1770737703368 
1770737703585 
1770737703814 
1770737704065 
1770737704279 
1770737704504 
1770737704744 
1770737704954 
1770737705172 
1770737705382 
1770737705603 
1770737705821 
1770737706023 
1770737706241 
1770737706469 
1770737706672 
1770737706922 
1770737707105 
1770737707343 
1770737707562 
1770737707775 
1770737708034 
1770737708272 
1770737708486 
1770737708701 
1770737708934 
1770737709167 
1770737709396 
1770737709645 
1770737709885 
1770737710115 
1770737710345 
1770737710575 
1770737710823 
1770737711054 
1770737711285 
1770737711529 
1770737711772 
1770737711976 
1770737712188 
1770737712397 
1770737712600 
1770737712796 
1770737713016 
1770737713224 
1770737713466 
1770737713665 
1770737713874 
1770737714108 
1770737714284 
1770737714504 
1770737714722 
1770737714924 
1770737715135 
1770737715354 
1770737715594 
1770737715843 
1770737716043 
1770737716263 
1770737716483 
1770737716728 
1770737716981 
1770737717191 
1770737717387 
1770737717613 
1770737717834 
1770737718054 
1770737718313 
1770737718513 
1770737718744 
1770737718962 
1770737719192 
1770737719406 
1770737719626 
1770737719844 
1770737720064 
1770737720322 
1770737720533 
1770737720753 
1770737720973 
1770737721193 
1770737721415 
1770737721631 
1770737721844 
1770737722078 
1770737722312 
1770737722526 
1770737722744 
1770737722974 
1770737723212 
1770737723413 
1770737723645 
1770737723867 
1770737724095 
1770737724363 
1770737724549 
1770737724785 
1770737725054 
1770737725204 
1770737725434 
1770737725655 
1770737725877 
1770737726147 
1770737726416 
1770737726628 
1770737726863 
1770737727108 
1770737727322 
1770737727546 
1770737727791 
1770737728026 
1770737728262 
1770737728483 
1770737728724 
1770737728973 
1770737729195 
1770737729433 
1770737729654 
1770737729883 
1770737730095 
1770737730304 
1770737730514 
1770737730724 
1770737730935 
1770737731164 
1770737731375 
1770737731604 
1770737731822 
1770737732025 
1770737732267 
1770737732451 
1770737732700 
1770737732922 
1770737733144 
1770737733364 
1770737733602 
1770737733841 
1770737734044 
1770737734264 
1770737734493 
1770737734712 
1770737734923 
1770737735152 
1770737735361 
1770737735574 
1770737735793 
1770737736010 
1770737736244 
1770737736423 
1770737736653 
1770737736864 
1770737737095 
1770737737326 
1770737737546 
1770737737765 
1770737738024 
1770737738251 
1770737738472 
1770737738664 
1770737738911 
1770737739084 
1770737739305 
1770737739533 
1770737739750 
1770737739961 
1770737740171 
1770737740384 
1770737740585 
1770737740847 
1770737741054 
1770737741261 
1770737741464 
1770737741653 
1770737741865 
1770737742083 
1770737742267 
1770737742452 
1770737742625 
1770737742825 
1770737743008 
1770737743225 
1770737743403 
1770737743604 
1770737743794 
1770737743994 
1770737744194 
1770737744401 
1770737744584 
1770737744764 
1770737744975 
1770737745176 
1770737745391 
1770737745583 
1770737745793 
1770737746003 
1770737746204 
1770737746428 
1770737746624 
1770737746826 
1770737747025 
1770737747204 
1770737747425 
1770737747661 
1770737747837 
1770737748035 
1770737748231 
1770737748445 
1770737748626 
1770737748826 
1770737749034 
1770737749235 
1770737749445 
1770737749663 
1770737749852 
1770737750604 
1770737750713 
1770737750782 
1770737750902 
1770737750974 
1770737751080 
1770737751174 
1770737751288 
1770737751344 
1770737751713 
1770737751783 
1770737751901 
1770737751973 
1770737752111 
1770737752163 
1770737752341 
1770737752373 
1770737752523 
1770737752574 
1770737752723 
1770737752783 
1770737752951 
1770737753002 
1770737753131 
1770737753192 
1770737753323 
1770737753401 
1770737753543 
1770737753584 
1770737753761 
1770737753822 
1770737753973 
1770737754043 
1770737754163 
1770737754259 
1770737754384 
1770737754477 
1770737754593 
1770737754656 
1770737754820 
1770737754882 
1770737755024 
1770737755102 
1770737755242 
1770737755307 
1770737755442 
1770737755503 
1770737755633 
1770737755732 
1770737755834 
1770737755901 
1770737756303 
1770737756354 
1770737756482 
1770737756584 
1770737756933 
1770737757013 
1770737757151 
1770737757244 
1770737757582 
1770737757663 
1770737757811 
1770737757901 
1770737758261 
1770737758346 
1770737758474 
1770737758593 
1770737758704 
1770737758773 
1770737758904 
1770737758993 
1770737759122 
1770737759212 
1770737759397 
1770737759431 
1770737759572 
1770737759646 
1770737759793 
1770737759859 
1770737760016 
1770737760092 
1770737760236 
1770737760306 
1770737760477 
1770737760534 
1770737760914 
1770737760976 
1770737761137 
1770737761216 
1770737761806 
1770737761875 
1770737761993 
1770737762090 
1770737762258 
1770737762316 
1770737762467 
1770737762507 
1770737762665 
1770737762743 
1770737762919 
1770737762958 
1770737763140 
1770737763181 
1770737763365 
1770737763426 
1770737763577 
1770737763647 
1770737763833 
1770737763914 
1770737764016 
1770737764115 
1770737764295 
1770737764360 
1770737764474 
1770737764573 
1770737764734 
1770737764815 
1770737765205 
1770737765293 
1770737765384 
1770737765515 
1770737765652 
1770737765752 
1770737765875 
1770737765975 
1770737766089 
1770737766216 
1770737766351 
1770737766441 
1770737766598 
1770737766898 
1770737767293 
1770737767305 
1770737767306 
1770737767506 
1770737767621 
1770737767712 
1770737767849 
1770737767914 
1770737768066 
1770737768119 
1770737768270 
1770737768323 
1770737768532 
1770737768538 
1770737768697 
1770737768778 
1770737768946 
1770737769007 
1770737769174 
1770737769235 
1770737769393 
1770737769472 
1770737769645 
1770737769746 
1770737769824 
1770737769924 
1770737770055 
1770737770156 
1770737770295 
1770737770375 
1770737770504 
1770737770573 
1770737770776 
1770737770841 
1770737770957 
1770737771058 
1770737771224 
1770737771303 
1770737771464 
1770737771535 
1770737771644 
1770737771723 
1770737771904 
1770737771975 
1770737772140 
1770737772196 
1770737772574 
1770737772653 
1770737772814 
1770737772873 
1770737773733 
1770737773784 
1770737773923 
1770737773978 
1770737774134 
1770737774213 
1770737774833 
1770737774906 
1770737775064 
1770737775146 
1770737775294 
1770737775364 
1770737775538 
1770737775625 
1770737776686 
1770737776753 
1770737776935 
1770737776946 
1770737777155 
1770737777236 
1770737777627 
1770737777716 
1770737777843 
1770737777935 
1770737778076 
1770737778163 
1770737778344 
1770737778394 
1770737778564 
1770737778598 
1770737778770 
1770737778815 
1770737778997 
1770737779061 
1770737780353 
1770737780487 
1770737780558 
1770737780970 
1770737781037 
1770737781697 
1770737781772 
1770737781916 
1770737782001 
1770737782160 
1770737782239 
1770737782672 
1770737782716 
1770737782835 
1770737782945 
1770737783105 
1770737783196 
1770737783575 
1770737783691 
1770737783818 
1770737783895 
1770737784024 
1770737784136 
1770737784225 
1770737784989 
1770737785138 
1770737785322 
1770737785514 
1770737785716 
1770737785904 
1770737786105 
1770737786280 
1770737786464 
1770737786639 
1770737786835 
1770737787023 
1770737787211 
1770737789026 
1770737789107 
1770737789236 
1770737789335 
1770737789480 
1770737789567 
1770737789691 
1770737789793 
1770737789918 
1770737790016 
1770737790170 
1770737790243 
1770737790366 
1770737790440 
1770737790601 
1770737790687 
1770737790824 
1770737790890 
1770737791038 
1770737791116 
1770737791245 
1770737791368 
1770737791476 
1770737791549 
1770737791685 
1770737791785 
1770737791915 
1770737791984 
1770737792131 
1770737792212 
1770737792396 
1770737792589 
1770737792774 
1770737792945 
1770737793137 
1770737793266 
1770737793375 
1770737793494 
1770737793610 
1770737793714 
1770737793834 
1770737793945 
1770737794046 
1770737794156 
1770737794275 
1770737794384 
1770737794496 
1770737794624 
1770737794734 
1770737794858 
1770737794965 
1770737795083 
1770737795214 
1770737795298 
1770737795398 
1770737795512 
1770737795865 
1770737795957 
1770737796098 
1770737796195 
1770737796313 
1770737796425 
1770737796548 
1770737796746 
1770737796758 
1770737796887 
1770737796989 
1770737797112 
1770737797206 
1770737797335 
1770737797444 
1770737797571 
1770737797685 
1770737797789 
1770737797894 
1770737798015 
1770737798118 
1770737798245 
1770737798336 
1770737798473 
1770737798585 
1770737798675 
1770737798786 
1770737798905 
1770737799025 
1770737799144 
1770737799244 
1770737799361 
1770737799454 
1770737799602 
1770737799684 
1770737799821 
1770737799913 
1770737800034 
1770737800144 
1770737800272 
1770737800373 
1770737800505 
1770737800606 
1770737800724 
1770737800834 
1770737800964 
1770737801074 
1770737801213 
1770737801304 
1770737801444 
1770737801564 
1770737801712 
1770737801805 
1770737801914 
1770737802033 
1770737802162 
1770737802265 
1770737802414 
1770737802523 
1770737802624 
1770737802744 
1770737802860 
1770737802984 
1770737803102 
1770737803213 
1770737803333 
1770737803454 
1770737803571 
1770737803691 
1770737803812 
1770737803901 
1770737804043 
1770737804143 
1770737804254 
1770737804373 
1770737804503 
1770737804611 
1770737804761 
1770737804833 
1770737804975 
1770737805065 
1770737805414 
1770737805514 
1770737805665 
1770737805745 
1770737805894 
1770737805984 
1770737806344 
1770737806453 
1770737806583 
1770737806653 
1770737806794 
1770737806876 
1770737807264 
1770737807351 
1770737807494 
1770737807574 
1770737808193 
1770737808283 
1770737808444 
1770737808541 
1770737808692 
1770737808774 
1770737808933 
1770737809014 
1770737809295 
1770737809296 
1770737810382 
1770737810463 
1770737810633 
1770737810712 
1770737810872 
1770737810950 
1770737811333 
1770737811450 
1770737811583 
1770737811684 
1770737811823 
1770737811913 
1770737812064 
1770737812172 
1770737812332 
1770737812413 
1770737812583 
1770737812663 
1770737812813 
1770737812892 
1770737813312 
1770737813482 
1770737813661 
1770737813840 
1770737814020 
1770737814209 
1770737814387 
1770737814575 
1770737814761 
1770737814943 
1770737815122 
1770737815324 
1770737815510 
1770737815703 
1770737815912 
1770737816090 
1770737816272 
1770737816464 
1770737816643 
1770737816822 
1770737817041 
1770737817241 
1770737817420 
1770737817624 
1770737817810 
1770737817983 
1770737818184 
1770737818384 
1770737818594 
1770737818772 
1770737818994 
1770737819203 
1770737819394 
1770737819584 
1770737819802 
1770737820023 
1770737820204 
1770737820432 
1770737820617 
1770737820835 
1770737821071 
1770737821264 
1770737821491 
1770737821694 
1770737822305 
1770737822515 
1770737822722 
1770737822934 
1770737823154 
1770737823365 
1770737823571 
1770737823764 
1770737823974 
1770737824153 
1770737824356 
1770737824535 
1770737824743 
1770737824953 
1770737825155 
1770737825335 
1770737825562 
1770737825742 
1770737825922 
1770737826123 
1770737826345 
1770737826555 
1770737826754 
1770737826965 
1770737827192 
1770737827436 
1770737827629 
1770737827827 
1770737828057 
1770737828286 
1770737828486 
1770737828703 
1770737828994 
1770737829147 
1770737829378 
1770737829559 
1770737829790 
1770737830010 
1770737830192 
1770737830386 
1770737830638 
1770737830891 
1770737831134 
1770737831347 
1770737831559 
1770737831817 
1770737832728 
1770737833177 
1770737833709 
1770737834119 
1770737834201 
1770737834705 
1770737834862 
1770737835135 
1770737835371 
1770737835588 
1770737836393 
1770767770073 
1770767770287 
1770767770606 
1770767770781 
1770767770973 
1770767771174 
1770767771577 
1770767771872 
1770767772080 
1770767772279 
1770767772457 
1770767772627 
1770767773382 
1770767773858 
1770767774063 
1770767774260 
1770767774435 
1770767774612 
1770778544022 
1770778544206 
1770778544376 
1770778544482 
1770778544651 
1770778544826 
1770778544986 
1770778558096 
1770778558491 
1770778559622 
1770778559966 
1770778560446 
1770778563811 
1770778564056 
1770778564211 
1770778564526 
1770778565007 
1770778565287 
1770778568171 
1770778568229 
1770778568411 
1770778570091 
1770778570331 
1770778571947 
1770778572171 
1770778572461 
1770778572876 
1770778573331 
1770778574171 
1770778574466 
1770778575211 
1770778575781 
1770778577371 
1770778578371 
1770778582171 
1770778582691 
1770778583501 
1770778584326 
1770778585971 
1770778588286 
1770778595991 
1770778596792 
1770778598097 
1770778602096 
1770778602811 
1770778602952 
1770778603672 
1770778603891 
1770778604031 
1770778604517 
1770778605571 
1770778606191 
1770778606451 
1770778606851 
1770778608236 
1770778608491 
1770778608751 
1770778609176 
1770778609412 
1770778609936 
1770778612657 
1770778613001 
1770778614916 
1770778616631 
1770778617872 
1770778620951 
1770778621141 
1770778623422 
1770778623861 
1770778624197 
1770778624281 
1770778625837 
1770778626061 
1770778626276 
1770778627436 
1770778630472 
1770778633471 
1770778636561 
1770778637061 
1770778637262 
1770778637371 
1770778637762 
1770778637881 
1770778638006 
1770778649501 
1770778654831 
1770778655712 
1770778657591 
1770778658391 
1770778659007 
1770778659571 
1770778660132 
1770778661571 
1770778664862 
1770778665517 
1770778666567 
1770778666797 
1770778667097 
1770778667276 
1770778670577 
1770778671212 
1770778671842 
1770778672402 
1770778672892 
1770778673366 
1770778674006 
1770778675835 
1770778675852 
1770778675869 
1770778676691 
1770778676693 
1770778677051 
1770778677407 
1770778677844 
1770778678279 
1770778678783 
1770778679101 
1770778679471 
1770778679563 
1770778679886 
1770778680104 
1770778680554 
1770778680888 
1770778681167 
1770778681511 
1770778681786 
1770778684821 
1770778685141 
1770778685902 
1770778686581 
1770778686744 
1770785557825 
1770785558374 
1770785558477 
1770785558722 
1770785558906 
1770785559218 
1770785559362 
1770785559558 
1770785560001 
1770785560757 
1770785561597 
1770785561968 
1770785562137 
1770785562382 
1770785562612 
1770785562750 
1770785563219 
1770785563596 
1770785617074 
1770785617249 
1770785617414 
1770785617565 
1770785617737 
1770785617908 
1770785618067 
1770785618270 
1770785618613 
1770785618787 
1770785618966 
1770785619133 
1770785619320 
1770785619478 
1770785619635 
1770785621096 
1770785621286 
1770785621487 
1770785621819 
1770785622141 
1770785622500 
1770785622772 
1770785622948 
1770785623145 
1770785623379 
1770785623564 
1770785623789 
1770785624164 
1770785624547 
1770810643548 
1770810644068 
1770810644298 
1770810644529 
1770810644693 
1770810644758 
1770810644879 
1770810645018 
1770810645168 
1770810645339 
1770810645499 
1770810646008 
1770810646523 
1770810646679 
1770810646848 
1770810647029 
1770810647138 
1770810647278 
1770810647454 
1770810647773 
1770810647928 
1770810648198 
1770810648413 
1770810648549 
1770810648708 
1770810648873 
1770810649029 
1770810649228 
1770810649348 
1770810649538 
1770810649709 
1770810649868 
1770810649989 
1770810650163 
1770810650328 
1770810650470 
1770810650628 
1770810650778 
1770810650949 
1770810651114 
1770810651289 
1770810651429 
1770810651608 
1770810651773 
1770810651928 
1770810652089 
1770810652248 
1770810652408 
1770810652563 
1770810652728 
1770810652888 
1770810653068 
1770810653228 
1770810653394 
1770810653553 
1770810653709 
1770810653850 
1770810654028 
1770810654183 
1770810654343 
1770810654488 
1770810654658 
1770810654828 
1770810654988 
1770810655128 
1770810655288 
1770810655453 
1770810655868 
1770810656218 
1770810656408 
1770810656868 
1770810657588 
1770810658068 
1770810658493 
1770810659089 
1770810659229 
1770810659728 
1770810660669 
1770810660819 
1770810660988 
1770810661138 
1770810661558 
1770810661733 
1770810661869 
1770810662433 
1770810663128 
1770810663428 
1770810664048 
1770810664539 
1770810664729 
1770810664868 
1770810665968 
1770810666530 
1770810666728 
1770810666868 
1770810667013 
1770810667588 
1770810668168 
1770810668654 
1770810668993 
1770810669128 
1770810669489 
1770810669648 
1770810670028 
1770810670313 
1770810670688 
1770810670953 
1770810671348 
1770810671723 
1770810672648 
1770810673648 
1770810674008 
1770871136028 
1770871136199 
1770871136240 
1770871136374 
1770871136413 
1770871136453 
1770871136587 
1770871136737 
1770871136916 
1770871137091 
1770871137262 
1770871137442 
1770871137720 
1770871137884 
1770871138087 
1770875206927 
1770875209607 
1770875210608 
1770875211327 
1770875212006 
1770875214447 
1770875215287 
1770875216087 
1770875217087 
1770875218326 
1770875219747 
1770875220367 
1770875221887 
1770875222327 
1770875223047 
1770875223646 
1770875224286 
1770875225127 
1770875225407 
1770875226652 
1770875228287 
1770875229527 
1770875230801 
1770875231042 
1770875231516 
1770875232086 
1770875233602 
1770875234601 
1770875235441 
1770875236082 
1770875236606 
1770875237007 
1770875237487 
1770875238031 
1770875238522 
1770875238917 
1770875239427 
1770875239921 
1770875240882 
1770875241161 
1770875241621 
1770875242046 
1770875242482 
1770875242784 
1770875243159 
1770875243724 
1770875244280 
1770875244959 
1770875245320 
1770875245759 
1770875246279 
1770875246924 
1770875247405 
1770875247804 
1770875248444 
1770875253319 
1770875254484 
1770875256914 
1770962154988 
1770962155332 
1770962155602 
1770962155702 
1770962155834 
1770962155884 
1770962155982 
1770962156086 
1770962156273 
1770962156404 
1770962156604 
1770962156779 
1770962156921 
1770962157070 
1770962157260 
1770962157587 
1770962166481 
1770962166631 
1770962166813 
1770962167008 
1770962167355 
1770962167521 
1770962167679 
1770962167841 
1770962168011 
1770962168201 
1770962168367 
1770962168546 
1770962168937 
1770962169341 
1770962170134 
1770962170574 
1770962170961 
1770962171941 
1770962172781 
1770962173173 
1770962173573 
1770962174013 
1770962175161 
1770962175729 
1770962176182 
1770962176941 
1770962177581 
1770962178049 
1770962178582 
1770962179137 
1770962179722 
1770962180482 
1770962181121 
1770962181721 
1770962182542 
1770963698693 
1770963698711 
1770963698972 
1770963698972 
1770963699001 
1770963699237 
1770963699510 
1770963699763 
1770963699992 
1770963700218 
1770963700432 
1770963700634 
1770963700828 
1770963700994 
1770963701172 
1770963701398 
1770963701633 
1770963701853 
1770963702070 
1770963702301 
1770963702542 
1770963702842 
1770963703210 
1770963703561 
1770963703745 
1770963703920 
1770963704086 
1770963704238 
1770963704814 
1770963705663 
1770963709828 
1770963710024 
1770963710164 
1770963710336 
1770963710475 
1770963710613 
1770963710764 
1770963710889 
1770963711054 
1770963711212 
1770963711696 
1770963711922 
1770963712091 
1770963712270 
1770963712457 
1770963712627 
1770963713180 
1770963713992 
1770963714446 
1770963714871 
1770963715322 
1770963715720 
1770963716217 
1770963716461 
1770963716543 
1770963717065 
1770963717371 
1770963717588 
1770963717780 
1770963718140 
1770963718556 
1770963719004 
1771036787256 
1771036787635 
1771036787957 
1771036788319 
1771036789618 
1771036790174 
1771036791863 
1771036792744 
1771036793621 
1771036793889 
1771036794265 
1771036794623 
1771036795154 
1771036795368 
1771036795809 
1771036796010 
1771036796177 
1771036796627 
1771036796836 
1771036796974 
1771036797211 
1771036797376 
1771036797553 
1771036797803 
1771036798374 
1771036798627 
1771036798792 
1771036798960 
1771036799123 
1771036799289 
1771036799451 
1771036799626 
1771036799799 
1771036800126 
1771036800369 
1771036800557 
1771036800773 
1771036801076 
1771036801245 
1771036801669 
1771036802864 
1771036803051 
1771036803211 
1771036803404 
1771036803548 
1771036803717 
1771036803893 
1771036804028 
1771036804465 
1771036815166 
1771036815370 
1771036815513 
1771036815685 
1771036815882 
1771036816036 
1771036816420 
1771036816596 
1771036816773 
1771036817222 
1771036817642 
1771036817996 
1771036818265 
1771036818792 
1771036819397 
1771036819794 
1771036820135 
1771036820324 
1771036820494 
1771036820679 
1771036821003 
1771036821179 
1771036821937 
1771036822546 
1771036822728 
1771036822904 
1771036823049 
1771036823212 
1771036823394 
1771036823582 
1771036823742 
1771036823929 
1771036824094 
1771036824280 
1771036824449 
1771036824626 
1771036824798 
1771036824985 
1771036825145 
1771036825307 
1771036825525 
1771036825719 
1771036825904 
1771036826065 
1771036826256 
1771036826432 
1771036826604 
1771036826785 
1771036826950 
1771036827144 
1771036827331 
1771036827518 
1771036827909 
1771036828329 
1771036828643 
1771036829285 
1771036829441 
1771036829616 
1771036829766 
1771036829934 
1771036830106 
1771036830286 
1771036830463 
1771036830642 
1771036830845 
1771036831039 
1771036831410 
1771036831691 
1771036832036 
1771036832243 
1771036832479 
1771036833058 
1771036833216 
1771036833385 
1771036833553 
1771036833730 
1771036833918 
1771036834113 
1771036834301 
1771036834469 
1771036834641 
1771036834802 
1771036834974 
1771036835140 
1771036835301 
1771036835489 
1771036835684 
1771036835865 
1771036836530 
1771036839646 
1771036839932 
1771036840573 
1771036841157 
1771036841796 
1771036841965 
1771036842135 
1771036842582 
1771036843106 
1771036843526 
1771036843710 
1771036843913 
1771036844110 
1771036844285 
1771036844691 
1771036845018 
1771036852309 
1771036852568 
1771036852771 
1771036853232 
1771036853482 
1771036853704 
1771036854176 
1771036854385 
1771036854571 
1771036854797 
1771036854978 
1771036855148 
1771036855325 
1771036855682 
1771036856549 
1771036856745 
1771036857020 
1771036857495 
1771036857705 
1771036857923 
1771036859220 
1771036859689 
1771036859893 
1771036860065 
1771036860268 
1771036860461 
1771036860675 
1771036860869 
1771036861304 
1771036862835 
1771036863025 
1771036866977 
1771036867160 
1771036867340 
1771036867504 
1771036867681 
1771036867885 
1771036868073 
1771036868257 
1771036868450 
1771036868628 
1771036868833 
1771036869038 
1771036869256 
1771036869465 
1771036870036 
1771036870506 
1771036870824 
1771036871002 
1771036871199 
1771036871518 
1771036871910 
1771036872093 
1771036872294 
1771036873477 
1771036874744 
1771036876810 
1771036877034 
1771036877209 
1771036877604 
1771036878039 
1771049475297 
1771049475540 
1771049475779 
1771049475918 
1771049476018 
1771049476336 
1771049476768 
1771049477130 
1771059155849 
1771059156636 
1771059157313 
1771059160424 
1771059161120 
1771059161672 
1771059162356 
1771059163032 
1771059163344 
1771059163772 
1771059164168 
1771059164572 
1771059164972 
1771059165380 
1771059165844 
1771059166249 
1771059166609 
1771059166996 
1771059167377 
1771059168080 
1771059168268 
1771059168648 
1771059169017 
1771059169304 
1771059169552 
1771059169888 
1771059170256 
1771059170620 
1771059171340 
1771059172548 
1771059172744 
1771059173093 
1771059173465 
1771059173868 
1771059174112 
1771059174491 
1771059174844 
1771059175025 
1771059175409 
1771059175560 
1771059175904 
1771059176168 
1771059176516 
1771059176752 
1771059177173 
1771059177300 
1771059177596 
1771059177845 
1771059178135 
1771059178623 
1771059178857 
1771059179188 
1771059179704 
1771059180105 
1771059180480 
1771059180872 
1771059181248 
1771059181440 
1771059181757 
1771059182069 
1771059182372 
1771059182769 
1771059182929 
1771059183201 
1771059183513 
1771059183757 
1771059183943 
1771059184488 
1771059184661 
1771059184877 
1771059185368 
1771059185552 
1771059185855 
1771059186160 
1771059186364 
1771059186595 
1771059186788 
1771059187025 
1771059187361 
1771059187497 
1771059187652 
1771059187837 
1771059188073 
1771059188259 
1771059188479 
1771059188661 
1771059188849 
1771059189035 
1771059189239 
1771059189437 
1771059189761 
1771059189945 
1771059190100 
1771059190285 
1771059190464 
1771059190637 
1771059190821 
1771059191003 
1771059191173 
1771059191365 
1771059191544 
1771059191729 
1771059191901 
1771059192186 
1771059192280 
1771059192459 
1771059192618 
1771059192810 
1771059193058 
1771059193167 
1771059193351 
1771059193527 
1771059193729 
1771059193909 
1771059194095 
1771059194258 
1771059194462 
1771059194640 
1771059194840 
1771059195011 
1771059195190 
1771059195349 
1771059195541 
1771059195764 
1771059195890 
1771059196074 
1771059196269 
1771059196460 
1771059196631 
1771059196802 
1771059197018 
1771059197189 
1771059197335 
1771059197531 
1771059197706 
1771059197900 
1771059198110 
1771059198305 
1771059198464 
1771059198642 
1771059198821 
1771059199021 
1771059199191 
1771059199362 
1771059199542 
1771059199716 
1771059199879 
1771059200050 
1771059200225 
1771059200408 
1771059200571 
1771059200758 
1771059200942 
1771059201104 
1771059201292 
1771059201446 
1771059201609 
1771059201841 
1771059202021 
1771059202187 
1771059202370 
1771059202561 
1771059202732 
1771059202871 
1771059203042 
1771059203209 
1771059203387 
