1768575226973 
1768575227973 
1768575228522 
1768575229244 
1768575229757 
1768575229941 
1768575231125 
1768575234577 
1768575235223 
1768575236158 
1768575236809 
1768575237358 
1768575237859 
1768575310498 
1768575310727 
1768748014246 
1768748014744 
1768748017287 
1768748018752 
1768748019117 
1768748019571 
1768748019781 
1768748020046 
1768748020422 
1768748020782 
1768748021108 
1768748021517 
1768748021856 
1768748022213 
1768748022592 
1768748023061 
1768748023413 
1768748023825 
1768748024210 
1768748024585 
1768748024971 
1768748025393 
1768748025782 
1768748026214 
1768748026605 
1768748026970 
1768748027401 
1768748027774 
1768748028130 
1768748028689 
1768839769821 
1768839770079 
1768839770311 
1768839770483 
1768839770681 
1768839770912 
1768839771193 
1768839771195 
1768839771478 
1768839771483 
1768839771715 
1768839771781 
1768839771915 
1768839772176 
1768839772475 
1768839772775 
1768839772875 
1768839773075 
1768839773276 
1768839773686 
1768839777918 
1768839805959 
1768839806107 
1768839806283 
1768839806463 
1768839806658 
1768839806806 
1768839807059 
1768839807161 
1768839807358 
1768839807562 
1768839807759 
1768839807885 
1768839808075 
1768839808259 
1768839808461 
1768839808681 
1768839808958 
1768839809991 
1768839811069 
1768839811693 
1768839813204 
1768839813743 
1768839813844 
1768839814445 
1768839814976 
1768839815557 
1768839816179 
1768839816562 
1768839817290 
1768839817876 
1768839818611 
1768839819020 
1768839820545 
1768921450563 
1768921450689 
1768921450890 
1768921450999 
1768921451153 
1768921451322 
1768921451476 
1768921451643 
1768921451805 
1768921451955 
1768921452127 
1768921452276 
1768921452438 
1768921452587 
1768921452767 
1768921452921 
1768921453092 
1768921453256 
1768921453486 
1768921453784 
1768921453877 
1768921454018 
1768921459474 
1768921459630 
1768921459797 
1768921459948 
1768921460092 
1768921460244 
1768921460393 
1768921460528 
1768921460692 
1768921460840 
1768921460989 
1768921461148 
1768921461294 
1768921461455 
1768921461602 
1768921461757 
1768921477586 
1768921477877 
1768921478091 
1768921478327 
1768921478562 
1768921478797 
1768921479070 
1768921479586 
1768921479767 
1768921479913 
1768921480057 
1768921480200 
1768921480342 
1768921480512 
1768921480650 
1768921480808 
1768921480968 
1768921481126 
1768921481264 
1768921481789 
1768921482904 
1768921483967 
1768921484689 
1768921485892 
1768921487270 
1768921488180 
1768921489503 
1768968114464 
1768968114747 
1768968114971 
1768968115196 
1768968182134 
1768968182377 
1768968182685 
1768968182836 
1768993171410 
1768993171653 
1768993171958 
1768993172367 
1768993172597 
1768993172766 
1768993173167 
1768993173326 
1768993173468 
1768993173643 
1768993173879 
1768993174045 
1768993174447 
1768993174839 
1768993175079 
1768993175346 
1768993175706 
1768993176125 
1768993176462 
1768993176926 
1768993177233 
1768993177563 
1768993177875 
1768993178192 
1768993178513 
1768993178832 
1768993179080 
1768993179342 
1768993179726 
1768993179956 
1768993180272 
1768993180599 
1768993180839 
1768993181145 
1768993181486 
1768993181765 
1768993182205 
1768993182513 
1768993182862 
1768993183222 
1768995674205 
1769005629515 
1769005629734 
1769005629909 
1769005630081 
1769005630281 
1769005630465 
1769005630812 
1769005631210 
1769005631423 
1769005631653 
1769005632090 
1769005632385 
1769005632801 
1769005633193 
1769005633485 
1769005633759 
1769005633970 
1769005634237 
1769005634579 
1769005634920 
1769005635330 
1769005635739 
1769005636121 
1769005636673 
1769005637333 
1769005637969 
1769005638575 
1769005639270 
1769005639854 
1769005640484 
1769005641115 
1769005641764 
1769005642402 
1769005643043 
1769005643644 
1769005644242 
1769005644850 
1769080777803 
1769080777886 
1769080778048 
1769080778176 
1769080778343 
1769080778465 
1769080779126 
1769080779746 
1769080780381 
1769080780985 
1769080781466 
1769080781607 
1769080781786 
1769080781945 
1769080782106 
1769080782826 
1769080783548 
1769080784028 
1769080784345 
1769080784526 
1769080784721 
1769080784905 
1769080785050 
1769080785226 
1769080785406 
1769080785586 
1769080785747 
1769080785906 
1769080786066 
1769080786662 
1769080786827 
1769080790984 
1769080791146 
1769080791310 
1769080791447 
1769080793267 
1769080793425 
1769080793561 
1769080793724 
1769080793906 
1769080794665 
1769080794817 
1769080794980 
1769080795145 
1769080795304 
1769080795465 
1769080796141 
1769080796416 
1769080798747 
1769080798865 
1769080799027 
1769080799185 
1769080799339 
1769080799505 
1769080799705 
1769080799821 
1769080799985 
1769080800151 
1769080800310 
1769080800472 
1769080800634 
1769080800766 
1769080800945 
1769080801152 
1769080801314 
1769080801446 
1769080801625 
1769080801771 
1769080801945 
1769080802305 
1769080802715 
1769080802906 
1769080803112 
1769080803306 
1769080803507 
1769080803776 
1769080803943 
1769080804146 
1769080804347 
1769080804665 
1769080804848 
1769080805065 
1769080805307 
1769080805581 
1769080805826 
1769080806065 
1769080806328 
1769080806668 
1769080806946 
1769080807107 
1769080807306 
1769080807547 
1769080807746 
1769080807893 
1769080808070 
1769080808226 
1769080808386 
1769080808947 
1769080809705 
1769080813186 
1769080813846 
1769080814466 
1769080814985 
1769080815546 
1769080816072 
1769080816666 
1769080817226 
1769080818226 
1769081187108 
1769081187368 
1769081187466 
1769081187628 
1769081187731 
1769081187868 
1769081187986 
1769081188866 
1769081189062 
1769081189226 
1769081189388 
1769081192533 
1769081192706 
1769081192868 
1769081193026 
1769081193188 
1769082229388 
1769082229708 
1769082229979 
1769082229982 
1769082230239 
1769082230613 
1769082231147 
1769082231437 
1769082232028 
1769082232507 
1769082233788 
1769082234347 
1769082234589 
1769082236354 
1769082236588 
1769082236829 
1769082236987 
1769082237220 
1769082237467 
1769082237630 
1769082237867 
1769082238029 
1769082238430 
1769082238829 
1769082238973 
1769082239115 
1769082239307 
1769082239630 
1769082239867 
1769082240109 
1769082240243 
1769082240748 
1769082240909 
1769082241148 
1769082241309 
1769082241548 
1769082241709 
1769082241827 
1769082242187 
1769082242504 
1769082242869 
1769082243309 
1769082243869 
1769082246269 
1769082246909 
1769082247714 
1769082247952 
1769082248352 
1769082248589 
1769082248747 
1769082248854 
1769082249229 
1769082249467 
1769082249629 
1769082249867 
1769082250109 
1769082257710 
1769082258134 
1769082258469 
1769082258673 
1769082258914 
1769084739780 
1769084740087 
1769084740454 
1769084740759 
1769084741478 
1769084741557 
1769084741706 
1769084741824 
1769084741958 
1769084742109 
1769084742274 
1769084742562 
1769084742906 
1769084743176 
1769084743494 
1769098281214 
1769098281421 
1769098281616 
1769098281945 
1769098282156 
1769098282493 
1769098282727 
1769098282996 
1769098283245 
1769098283495 
1769098283862 
1769098284123 
1769098284367 
1769098284711 
1769098285051 
1769098285425 
1769098285771 
1769098286151 
1769098286590 
1769098286948 
1769098287318 
1769098287687 
1769098288004 
1769098288423 
1769098288725 
1769098289040 
1769098289587 
1769098289828 
1769098289985 
1769098290281 
1769098290562 
1769098290865 
1769098291157 
1769098291489 
1769098291775 
1769098292078 
1769159599465 
1769159599648 
1769159599816 
1769159600353 
1769159600553 
1769159601142 
1769159601347 
1769182752376 
1769182752492 
1769182752671 
1769182752803 
1769182752994 
1769182753129 
1769182753297 
1769182753482 
1769182753618 
1769182753856 
1769182753984 
1769182754355 
1769182754703 
1769182754837 
1769182754998 
1769182755166 
1769182755353 
1769182755499 
1769182755687 
1769182755823 
1769182755982 
1769182756165 
1769182756308 
1769182756532 
1769182756644 
1769182756807 
1769182756991 
1769182757139 
1769182757299 
1769182757505 
1769182757626 
1769182757807 
1769182757961 
1769182758143 
1769182758283 
1769182758431 
1769182767944 
1769182768102 
1769182768253 
1769182768461 
1769182768589 
1769182768784 
1769182768938 
1769182769178 
1769182769280 
1769182769427 
1769182769602 
1769182769789 
1769182769918 
1769182770093 
1769182770229 
1769182770390 
1769182770551 
1769182770716 
1769182770872 
1769182771023 
1769182771172 
1769182771332 
1769182771494 
1769182771701 
1769182771841 
1769182771957 
1769182772120 
1769182772275 
1769182772454 
1769182772595 
1769182772762 
1769182772941 
1769182773085 
1769182773224 
1769182773376 
1769182773575 
1769182773715 
1769182773888 
1769182774009 
1769182774166 
1769182774331 
1769182774500 
1769182774639 
1769182774802 
1769182774948 
1769182775114 
1769182775254 
1769182775422 
1769182775567 
1769182775732 
1769182775882 
1769182776042 
1769182776192 
1769182776356 
1769182776509 
1769182776655 
1769182776858 
1769182777085 
1769182777186 
1769182777369 
1769182777537 
1769182777673 
1769182777806 
1769182777981 
1769182778129 
1769182778297 
1769182778435 
1769182778605 
1769182778807 
1769182778953 
1769182779118 
1769182779261 
1769182779420 
1769182779581 
1769182779742 
1769182779929 
1769182780082 
1769182780243 
1769182780387 
1769182780577 
1769182780696 
