1769303685482 
1769303685649 
1769303685750 
1769303685903 
1769303686059 
1769303686211 
1769303686350 
1769303686501 
1769303686652 
1769303686819 
1769303686960 
1769303687130 
1769303687280 
1769303687429 
1769303687580 
1769303687749 
1769303687881 
1769303744230 
1769303744380 
1769303744479 
1769303744537 
1769303744639 
1769303744729 
1769303744787 
1769303744899 
1769303744979 
1769303745048 
1769303745169 
1769303745337 
1769303745520 
1769303745677 
1769303745841 
1769303745988 
1769303746160 
1769303746328 
1769303746542 
1769303746659 
1769303746829 
1769303747028 
1769303747180 
1769303747347 
1769303747561 
1769303747748 
1769303747930 
1769303748097 
1769303748319 
1769303748669 
1769303748967 
1769303749334 
1769303749417 
1769303749591 
1769303749757 
1769303749939 
1769303750167 
1769303750380 
1769303750578 
1769303750867 
1769303751132 
1769303751326 
1769303765086 
1769303765249 
1769303765388 
1769303765540 
1769303765721 
1769303766038 
1769303766211 
1769303766359 
1769303766539 
1769303766748 
1769303766999 
1769303767249 
1769303767543 
1769303767821 
1769303768099 
1769303768287 
1769303768578 
1769303768850 
1769303769108 
1769303769360 
1769303769611 
1769303769940 
1769303770199 
1769303770470 
1769303770760 
1769303770979 
1769303771219 
1769303771467 
1769303771711 
1769303771899 
1769303772168 
1769303772380 
1769303772548 
1769303772760 
1769303773041 
1769303773239 
1769303773409 
1769303773608 
1769303773825 
1769303774009 
1769303774234 
1769303774491 
1769303774678 
1769303774917 
1769303775169 
1769303775397 
1769303775639 
1769303775897 
1769303776135 
1769303776359 
1769303776572 
1769303776808 
1769303777029 
1769303777268 
1769303777480 
1769303777729 
1769303777980 
1769303778227 
1769303778507 
1769303778750 
1769303778977 
1769353332349 
1769353332537 
1769353332860 
1769353333093 
1769353333328 
1769353333557 
1769353333790 
1769353334018 
1769353334248 
1769353334285 
1769353334477 
1769353334514 
1769353334707 
1769353334743 
1769353334937 
1769353334974 
1769353335167 
1769353335759 
1769353335837 
1769353335985 
1769353336069 
1769353336212 
1769353336274 
1769353336299 
1769353336447 
1769353336503 
1769353336527 
1769353336674 
1769353336735 
1769353336759 
1769353336916 
1769353337084 
1769353337255 
1769353337427 
1769353337596 
1769353337773 
1769353337946 
1769353338115 
1769353338293 
1769353338464 
1769353338632 
1769353338793 
1769353339175 
1769353339533 
1769353339823 
1769353340025 
1769353340390 
1769353340757 
1769353341069 
1769353341376 
1769353341762 
1769353342094 
1769353342388 
1769353342657 
1769353343037 
1769353343339 
1769353343611 
1769353343900 
1769353344190 
1769353344504 
1769353344773 
1769353345101 
1769353345330 
1769353345563 
1769353345775 
1769353346014 
1769353346257 
1769353346449 
1769353346808 
1769353347178 
1769353347510 
1769353347817 
1769353348056 
1769353348244 
1769353348432 
1769353348629 
1769353348820 
1769353349002 
1769353349216 
1769353349395 
1769353349594 
1769353349799 
1769353350001 
1769353350176 
1769353350416 
1769353350744 
1769353351067 
1769353351367 
1769353351556 
1769353351848 
1769353352212 
1769353352533 
1769353352853 
1769353353184 
1769353353473 
1769353353783 
1769353354168 
1769353354570 
1769353354919 
1769353355296 
1769353355709 
1769396623699 
1769396623877 
1769396624061 
1769396624526 
1769396624706 
1769396624876 
1769396625107 
1769396625336 
1769396625511 
1769396625561 
1769396625742 
1769396625894 
1769396626059 
1769396626227 
1769396626393 
1769396626560 
1769396626724 
1769396626893 
1769396627078 
1769396627243 
1769396627426 
1769396627576 
1769396627761 
1769396627926 
1769396628111 
1769396628294 
1769396628461 
1769396628644 
1769396628830 
1769396629061 
1769396629278 
1769396629543 
1769396629744 
1769396630228 
1769396630530 
1769396630761 
1769396630994 
1769396631212 
1769396631453 
1769396631645 
1769396631859 
1769396632113 
1769396632333 
1769396632543 
1769396632786 
1769396632991 
1769396633260 
1769396633692 
1769396633977 
1769396634376 
1769396634636 
1769396634844 
1769396749873 
1769396750040 
1769396750189 
1769396750795 
1769396750924 
1769396750937 
1769396751024 
1769396751173 
1769396751377 
1769396751587 
1769396751774 
1769396751923 
1769396752094 
1769396752251 
1769396752405 
1769396752601 
1769396752735 
1769396752910 
1769396753075 
1769396753251 
1769396753416 
1769396753581 
1769396753743 
1769396753903 
1769396754067 
1769396754263 
1769396754414 
1769396754582 
1769396754751 
1769396754901 
1769396755059 
1769396755222 
1769396755396 
1769396755546 
1769396755716 
1769396756034 
1769396756407 
1769396756611 
1769396756763 
1769396766159 
1769396766342 
1769396766512 
1769396766686 
1769396766871 
1769396767079 
1769396767254 
1769396767483 
1769396767669 
1769396767960 
1769396768139 
1769396768505 
1769396768856 
1769396769211 
1769396769586 
1769396769957 
1769396770277 
1769396770589 
1769396770956 
1769396771278 
1769396771634 
1769396772011 
1769396772466 
1769396772810 
1769396773208 
1769396773672 
1769396774142 
1769396774590 
1769396775356 
1769396775902 
1769396776415 
1769396776959 
1769396777467 
1769396778113 
1769396778731 
1769396779289 
1769396779872 
1769397037283 
1769397037401 
1769397039241 
1769397039475 
