1769912497667 
1769912497817 
1769912497983 
1769912498138 
1769912498307 
1769912498468 
1769912498637 
1769912498798 
1769912498958 
1769912499132 
1769912499305 
1769912499605 
1769912499945 
1769912500159 
1769912500348 
1769912500593 
1769912500767 
1769912500948 
1769912501377 
1769912501554 
1769912501972 
1769912502697 
1769912503232 
1769912503414 
1769912503585 
1769912503752 
1769912503916 
1769912504100 
1769912504260 
1769912504448 
1769912504634 
1769912504807 
1769912504971 
1769912505138 
1769912505302 
1769912505481 
1769912505655 
1769912505828 
1769912505985 
1769912506150 
1769912506315 
1769912506491 
1769912506640 
1769912506819 
1769912506980 
1769912507148 
1769912507341 
1769912507525 
1769912507711 
1769912507889 
1769912508247 
1769912508501 
1769912508642 
1769912508801 
1769912508980 
1769912509131 
1769912509290 
1769912509453 
1769912509612 
1769912509770 
1769912509930 
1769912510100 
1769912510266 
1769912510439 
1769912510607 
1769912510778 
1769912510944 
1769912511111 
1769912511284 
1769912511447 
1769912511597 
1769912511776 
1769912511961 
1769912512142 
1769912512312 
1769912512477 
1769912512649 
1769912512812 
1769912512986 
1769912513146 
1769912513327 
1769912513514 
1769912513846 
1769912514141 
1769912514321 
1769912514503 
1769912514673 
1769912515013 
1769912515192 
1769912515360 
1769912515535 
1769912515706 
1769912515862 
1769912516045 
1769912516202 
1769912516376 
1769912516541 
1769912516726 
1769912516903 
1769912517082 
1769912517422 
1769912517972 
1769912518431 
1769912518596 
1769912518760 
1769912518927 
1769912519111 
1769912519281 
1769912519584 
1769912519898 
1769912520104 
1769912520284 
1769912520449 
1769912520629 
1769912520790 
1769912520964 
1769912521131 
1769912521356 
1769912521532 
1769912521687 
1769912521853 
1769912522026 
1769912522192 
1769912522378 
1769912522674 
1769912522986 
1769912523352 
1769912523643 
1769912523827 
1769912523996 
1769912524194 
1769912524404 
1769912524609 
1769912524897 
1769912525130 
1769912525499 
1769912525695 
1769912525877 
1769912526061 
1769912526331 
1769912526618 
1769912527007 
1769912538450 
1769912538686 
1769912538902 
1769912539138 
1769912539392 
1769912539740 
1769912539988 
1769912540259 
1769912540711 
1769912541098 
1769912541500 
1769912541772 
1769912542157 
1769912542404 
1769912542785 
1769912543116 
1769912543497 
1769912543845 
1769912544219 
1769912544604 
1769912544995 
1769912545295 
1769912545648 
1769912545977 
1769912546271 
1769912546579 
1769912546877 
1769912547178 
1769912547496 
1769912547797 
1769912548057 
1769912548344 
1769912548682 
1769912549084 
1769912549374 
1770006604757 
1770006604913 
1770006605066 
1770006605213 
1770006605360 
1770006605501 
1770006605663 
1770006605812 
1770006605972 
1770006606112 
1770006606245 
1770006606406 
1770006606676 
1770006606849 
1770006606991 
1770006607156 
1770006607305 
1770006607442 
1770006607593 
1770006607769 
1770006607931 
1770006608120 
1770006608253 
1770006608440 
1770006608592 
1770006608900 
1770006609207 
1770006609405 
1770006609622 
1770006609778 
1770006610063 
1770006610237 
1770006610404 
1770006610563 
1770006610712 
1770006610870 
1770006611029 
1770006611178 
1770006611371 
1770006611614 
1770006611787 
1770006611951 
1770006612096 
1770006612246 
1770006612406 
1770006612568 
1770006612718 
1770006612857 
1770006613014 
1770006613158 
1770006613455 
1770006613717 
1770006613891 
1770006614039 
1770006614233 
1770006614411 
1770006614585 
1770006614757 
1770006614909 
1770006615331 
1770006615746 
1770006616198 
1770006629901 
1770006630124 
1770006630388 
1770006630601 
1770006630788 
1770006630999 
1770006631197 
1770006631387 
1770006631617 
1770006631843 
1770006632032 
1770006632235 
1770006632436 
1770006632624 
1770006632817 
1770006632989 
1770006633365 
1770006633847 
1770006634034 
1770006634237 
1770006634594 
1770006635081 
1770006636034 
1770006636463 
1770006636867 
1770006637246 
1770006637738 
1770006638427 
1770006638942 
1770006639551 
1770006639994 
1770006640545 
1770006641224 
1770006641387 
1770006641845 
1770095674165 
1770095674311 
1770095674920 
1770095675149 
1770095675222 
1770095675383 
1770095675419 
1770095675456 
1770095675616 
1770095675770 
1770095675919 
1770095676080 
1770095676257 
1770095676400 
1770095676550 
1770095676706 
1770095676865 
1770095677028 
1770095677178 
1770095677336 
1770095677487 
1770095677646 
1770095677799 
1770095677956 
1770095678118 
1770095678281 
1770095678434 
1770095678586 
1770095678756 
1770095678925 
1770095679075 
1770095679250 
1770095679409 
1770095679557 
1770095679714 
1770095679858 
1770095679998 
1770095680159 
1770095680316 
1770095680465 
1770095680625 
1770095680783 
1770095680944 
1770095681102 
1770095681262 
1770095681421 
1770095681669 
1770095681803 
1770095681964 
1770095682117 
1770095682281 
1770095682430 
1770095682574 
1770095682754 
1770095682921 
1770095683098 
1770095683243 
1770095683416 
1770095683571 
1770095683731 
1770095683923 
1770095684102 
1770095684272 
1770095684430 
1770095684590 
1770095684755 
1770095684919 
1770095685080 
1770095685242 
1770095685399 
1770095685563 
1770095685729 
1770095685893 
1770095686052 
1770095686217 
1770095686387 
1770095686544 
1770095686711 
1770095686868 
1770095687033 
1770095687326 
1770095687494 
1770095687645 
1770095687806 
1770095687962 
1770095688108 
1770095688268 
1770095688446 
1770095688609 
1770095688778 
1770095688952 
1770095689122 
1770095689296 
1770095689455 
1770095689623 
1770095689790 
1770095689954 
1770095690117 
1770095690281 
1770095690457 
1770095690610 
1770095690771 
1770095690949 
1770095691110 
1770095691274 
1770095691417 
1770095691585 
1770095691751 
1770095691912 
1770095692066 
1770095692218 
1770095692388 
1770095692554 
1770095692732 
1770095692904 
1770095693078 
1770095693243 
1770095693405 
1770095693576 
1770095693741 
1770095693892 
1770095694059 
1770095694224 
1770095694382 
1770095694557 
1770095694722 
1770095694895 
1770095695046 
1770095695209 
1770095695370 
1770095695541 
1770095695707 
1770095695878 
1770095696021 
1770095696189 
1770095696357 
1770095696518 
1770095696670 
1770095696841 
1770095697019 
1770095697180 
1770095697348 
1770095697514 
1770095697684 
1770095697852 
1770095698013 
1770095698175 
1770095698332 
1770095698505 
1770095698667 
1770095698871 
1770095699049 
1770095699238 
1770095699425 
1770095699588 
1770095699752 
1770095699924 
1770095700084 
1770095700264 
1770095700434 
1770095700598 
1770095700760 
1770095700930 
1770095716227 
1770095716801 
1770095717053 
1770095717250 
1770095717440 
1770095717622 
1770095717803 
1770095717982 
1770095718359 
1770095718862 
1770095719111 
1770095719489 
1770095719906 
1770095720410 
1770095720805 
1770095721364 
1770095722255 
1770095722870 
1770095723036 
1770095723197 
1770095723358 
1770095723737 
1770095724025 
1770095724180 
1770095724359 
1770095724848 
1770095725118 
1770095725468 
1770095725927 
1770095726531 
1770095727264 
1770179900033 
1770179900198 
1770179900259 
1770179900365 
1770179900428 
1770179900481 
1770179900593 
1770179900647 
1770179900710 
1770179900827 
1770179900982 
1770179901122 
1770179901284 
1770179901430 
1770179901589 
1770179901750 
1770179901910 
1770179902057 
1770179902223 
1770179902370 
1770179902541 
1770179902700 
1770179902862 
1770179903006 
1770179903186 
1770179903345 
1770179903512 
1770179903652 
1770179903813 
1770179903961 
1770179904173 
1770179904300 
1770179904445 
1770179904599 
1770179904766 
1770179904938 
1770179905112 
1770179905255 
1770179905427 
1770179905603 
1770179905758 
1770179905935 
1770179906111 
1770179906279 
1770179906445 
1770179906619 
1770179906781 
1770179907188 
1770179907711 
1770179917281 
1770179917451 
1770179917624 
1770179917781 
1770179917966 
1770179918140 
1770179918323 
1770179918504 
1770179918676 
1770179918851 
1770179919013 
1770179919187 
1770179919355 
1770179919557 
1770179919682 
1770179919851 
1770179920021 
1770179920170 
1770179920335 
1770179920529 
1770179920665 
1770179920840 
1770179921008 
1770179921212 
1770179921402 
1770179921875 
1770179922207 
1770179922454 
1770179922816 
1770179923188 
1770179923350 
1770179923525 
1770179924257 
1770179924279 
1770179924631 
1770179924640 
1770179925011 
1770179925016 
1770179925405 
1770179925411 
1770179925832 
1770179925848 
1770179926241 
1770179926256 
1770179926664 
1770179926709 
1770179927126 
1770179927518 
1770179927528 
1770179927615 
1770179927791 
1770179927956 
1770179928137 
1770179928424 
1770179928658 
1770179928992 
1770179928996 
1770179929167 
1770179929356 
1770179929537 
1770267424528 
1770267424696 
1770267424854 
1770267424989 
1770267425148 
1770267425315 
1770267425456 
1770267425609 
1770267425761 
1770267425911 
1770267426074 
1770267426232 
1770267426376 
1770267426533 
1770267426676 
1770267426853 
1770267426994 
1770267427155 
1770267427296 
1770267427459 
1770267427624 
1770267427770 
1770267427912 
1770267428072 
1770267428226 
1770267428371 
1770267428526 
1770267428682 
1770267428842 
1770267429003 
1770267429165 
1770267429333 
1770267429472 
1770267429638 
1770267429792 
1770267429960 
1770267430112 
1770267430282 
1770267430421 
1770267430605 
1770267430705 
1770267430862 
1770267431002 
1770267431480 
1770267431809 
1770267431957 
1770267432479 
1770267433056 
1770267433221 
1770267433371 
1770267433533 
1770267433689 
1770267433846 
1770267434007 
1770267434186 
1770267434336 
1770267434499 
1770267434658 
1770267434813 
1770267434966 
1770267435138 
1770267435304 
1770267435475 
1770267436314 
1770267436450 
1770267436596 
1770267436739 
1770267436890 
1770267437026 
1770267437161 
1770267437302 
1770267437425 
1770267437564 
1770267437699 
1770267437838 
1770267437960 
1770267438090 
1770267438413 
1770267439626 
1770267440020 
1770267440553 
1770267441036 
1770267441427 
1770267441965 
1770267442846 
1770267443311 
1770267443580 
1770267443889 
1770267444096 
1770267444302 
1770267444527 
1770267444726 
1770267444927 
1770267445344 
1770267445686 
1770267445861 
1770267446040 
1770267446329 
1770267446624 
1770267446819 
1770267447032 
1770267447514 
1770267447780 
1770267447967 
1770267448144 
1770267448343 
1770267448676 
1770267449070 
1770267449417 
1770267449837 
1770267450162 
1770267450357 
1770267450534 
1770267450705 
1770267451059 
1770267451274 
1770267451455 
1770267451631 
1770267451799 
1770267451970 
1770267452165 
1770267452342 
1770267452547 
1770267452905 
1770267453214 
1770267453422 
1770267453659 
1770267453988 
1770267454298 
1770267454477 
1770267454641 
1770267454818 
1770267454991 
1770267455175 
1770267455480 
1770267455646 
1770267455806 
1770267455971 
1770267456136 
1770267456297 
1770267456447 
1770267456605 
1770267456761 
1770267456918 
1770267457079 
1770267457237 
1770267457397 
1770267457554 
1770267457715 
1770267457870 
1770267458028 
1770267458192 
1770267458331 
1770267465997 
1770267466157 
1770267466319 
1770267466490 
1770267466637 
1770267466801 
1770267466971 
1770267467140 
1770267467306 
1770267467463 
1770267467632 
1770267467853 
1770267468158 
1770267468500 
1770267468728 
1770267468955 
1770267469328 
1770267469764 
1770267470152 
1770267481154 
1770267481423 
1770267481906 
1770267482344 
1770267482663 
1770267483185 
1770267483570 
1770267484087 
1770267484804 
1770267485683 
1770267485805 
1770267485986 
1770267486173 
1770267486612 
1770267487010 
1770267487225 
1770267487632 
1770267623172 
1770267623391 
1770267623609 
1770267623785 
1770267623831 
1770267624214 
1770267624679 
1770267625443 
1770267625906 
1770267626308 
1770267626497 
1770267626668 
1770267626826 
1770267626981 
1770267627217 
1770267627554 
1770267627705 
1770267627866 
1770267628064 
1770267628230 
1770267628389 
1770267628548 
1770267628699 
1770267628867 
1770267629024 
1770267629184 
1770267629522 
1770267629681 
1770267629848 
1770267630013 
1770267630171 
1770267630323 
1770267630469 
1770267630621 
1770267630800 
1770267630964 
1770267631132 
1770267631304 
1770267631487 
1770267631741 
1770267632237 
1770267632405 
1770267632570 
1770267632744 
1770267632918 
1770267633161 
1770267633365 
1770267633559 
1770267633724 
1770267633905 
1770267634304 
1770267634736 
1770267634926 
1770267635078 
1770267635254 
1770267635427 
1770267635604 
1770267635993 
1770267636138 
1770267636307 
1770267636464 
1770267636636 
1770267636972 
1770267637213 
1770267637582 
1770267637829 
1770267638183 
1770267638361 
1770267638730 
1770267639065 
1770267639414 
1770267639951 
1770267640995 
1770267641532 
1770267641680 
1770267641852 
1770267642010 
1770267642312 
1770267642488 
1770267642660 
1770267642889 
1770267643222 
1770267643375 
1770267643534 
1770267643707 
1770267643867 
1770267644085 
1770267644433 
1770267645191 
1770267645372 
1770267645536 
1770267645672 
1770267645836 
1770267646006 
1770267646178 
1770267646340 
1770267646505 
1770267646672 
1770267646810 
1770267646979 
1770267647154 
1770267647315 
1770267647467 
1770267647633 
1770267647812 
1770267647975 
1770267648189 
1770267648365 
1770267648546 
1770267648784 
1770267649130 
1770267649417 
1770267649650 
1770267650016 
1770267650198 
1770267650596 
1770267650973 
1770267651350 
1770267651651 
1770267652011 
1770267652694 
1770267652859 
1770267653013 
1770267653157 
1770267653317 
1770267653492 
1770267653654 
1770267653806 
1770267653991 
1770267654239 
1770267654615 
1770267654876 
1770267655090 
1770267655478 
1770267655843 
1770267655992 
1770267658427 
1770267658762 
1770267658947 
1770267659116 
1770267659264 
1770267659435 
1770267659586 
1770267659754 
1770267659934 
1770267660346 
1770267660575 
1770267660732 
1770267660920 
1770267661273 
1770267661450 
1770267661942 
1770267662696 
1770267662864 
1770267663036 
1770267663201 
1770267663356 
1770357721243 
1770357721385 
1770357721493 
1770357721675 
1770359255194 
1770359255359 
1770359255432 
1770359255503 
1770359255592 
1770359255664 
1770359255741 
1770359255826 
1770359255915 
1770359256103 
1770359256409 
1770359256706 
1770359256884 
1770359256998 
1770359257141 
1770359257345 
1770359257645 
1770359258246 
1770359258404 
1770359258546 
1770359258679 
1770359258864 
1770359259126 
1770359259450 
1770359259734 
1770359260047 
1770359260343 
1770359260492 
1770359260612 
1770359260774 
1770359261008 
1770359261052 
1770359261272 
1770359277515 
1770359277516 
1770359277606 
1770359277798 
1770359277835 
1770359277837 
1770359277895 
1770359278112 
1770359278203 
1770359278493 
1770359278792 
1770359279095 
1770359279412 
1770359279594 
1770359279713 
1770359279867 
1770359280011 
1770359280194 
1770359280694 
1770359280994 
1770359281435 
1770359281900 
1770359282291 
1770359282444 
1770359282604 
1770359282800 
1770359282893 
1770359283206 
1770359283396 
1770359283526 
1770359283843 
1770359284197 
1770359284526 
1770359284835 
1770359284999 
1770359285137 
1770359285294 
1770359285413 
1770359285795 
1770359285973 
1770359286090 
1770359286395 
1770359286694 
1770428961834 
1770428962666 
1770428963156 
1770428963413 
1770428963584 
1770428963748 
1770428963935 
1770428964167 
1770428964351 
1770428964517 
1770428964648 
1770428964933 
1770428965118 
1770428965300 
1770428965484 
1770428965904 
1770428966281 
1770428966685 
1770428967083 
1770428967429 
1770428967786 
1770428968033 
1770428968195 
1770428968483 
1770428968667 
1770428968850 
1770428969051 
1770428969250 
1770428969415 
1770428969601 
1770428969751 
1770428969863 
1770428970067 
1770428970243 
1770428970409 
1770428970575 
1770428970795 
1770428971015 
1770428971201 
1770428971367 
1770428971550 
1770428971734 
1770428971917 
1770428972084 
1770428972248 
1770428972485 
1770428972766 
1770428972983 
1770428973187 
1770428973350 
1770428973534 
1770428973783 
1770428974000 
1770428974266 
1770428974468 
1770428974668 
1770428974851 
1770428975017 
1770428975233 
1770428975433 
1770428975634 
1770428975800 
1770428976270 
1770428976466 
1770428976700 
1770428976866 
1770428977100 
1770428977268 
1770428977467 
1770428977650 
1770428977849 
1770428978049 
1770428978233 
1770428981089 
1770428982085 
1770428982500 
1770428982768 
1770428982967 
1770428983153 
1770428983353 
1770428983536 
1770428983736 
1770428983920 
1770428984103 
1770428984285 
1770428984467 
1770428984653 
1770428984820 
1770428984982 
1770428985253 
1770428985435 
1770428985617 
1770428985803 
1770428985984 
1770428986218 
1770428986420 
1770428986585 
1770428986769 
1770428986953 
1770428987119 
1770428987302 
1770428987502 
1770428987668 
1770428987835 
1770428988068 
1770428988235 
1770428988418 
1770428988585 
1770428988752 
1770428988966 
1770428989152 
1770428989335 
1770428989520 
1770428989685 
1770428989918 
1770428990083 
1770428990301 
1770428990485 
1770428990685 
1770428990869 
1770428991035 
1770428991220 
1770428991404 
1770428991635 
1770428992136 
1770428992569 
1770428993056 
1770428993352 
1770428993589 
1770428994037 
1770428994469 
1770428994887 
1770428995252 
1770428995653 
1770428995969 
1770428996220 
1770428996639 
1770428996986 
1770428997367 
1770428997788 
1770428998406 
1770428998719 
1770428998902 
1770428999185 
1770428999423 
1770428999673 
1770428999903 
1770429000119 
1770429000297 
1770429000495 
1770429000719 
1770429000921 
1770429001086 
1770429001302 
1770429001486 
1770429001686 
1770429001853 
1770429002036 
1770429002203 
1770429002403 
1770429002570 
1770429002753 
1770429002920 
1770429003103 
1770429003270 
1770429003452 
1770429003636 
1770429003819 
1770429004020 
1770429004202 
1770429004386 
1770429004552 
1770429004755 
1770429004936 
1770429005103 
1770429005302 
1770429005503 
1770429005668 
1770429005853 
1770429006069 
1770429006288 
1770429006489 
1770429006668 
1770429006869 
1770429007069 
1770429007219 
1770429007419 
1770429007586 
1770429007769 
1770429007952 
1770429008136 
1770429008320 
1770429008519 
1770429008719 
1770429008883 
1770429009102 
1770429009303 
1770429009502 
1770429009685 
1770429009852 
1770429010037 
1770429010219 
1770429010436 
1770429010635 
1770429010803 
1770429010985 
1770429011186 
1770429011386 
1770429011552 
1770429011732 
1770429011952 
1770429012120 
1770429012302 
1770429012598 
1770429012886 
1770429013069 
1770429013270 
1770429013470 
1770429013669 
1770429013869 
1770429014085 
1770429014269 
1770429014469 
1770429014652 
1770429014836 
1770429015018 
1770429015236 
1770429015436 
1770429015635 
1770429015804 
1770429016002 
1770429016234 
1770429016420 
1770429016585 
1770429016785 
1770429016969 
1770429017183 
1770429017436 
1770429017639 
1770429017819 
1770429018018 
1770429018218 
1770429018401 
1770429018568 
1770429018805 
1770429019002 
1770429019203 
1770429019385 
1770429019602 
1770429019769 
1770429019952 
1770429020151 
1770429020352 
1770429020519 
1770429020718 
1770429020951 
1770429021169 
1770429021350 
1770429021568 
1770429021785 
1770429022018 
1770429022202 
1770429022402 
1770429022601 
1770429022768 
1770429022950 
1770429023135 
1770429023301 
1770429023501 
1770429023701 
1770429023901 
1770429024101 
1770429024302 
1770429024534 
1770429024734 
1770429024918 
1770429025118 
1770429025318 
1770429025517 
1770429025934 
1770429026135 
1770429026335 
1770429026534 
1770429026733 
1770429026934 
1770429027132 
1770429027317 
1770429027533 
1770429027734 
1770429027952 
1770429028134 
1770429028334 
1770429028533 
1770429028733 
1770429028936 
1770429029100 
1770429029301 
1770429029484 
1770429029668 
1770429029833 
1770429030066 
1770429030275 
1770429030462 
1770429030649 
1770429030852 
1770429031020 
1770429031201 
1770429031402 
1770429031619 
1770429031801 
1770429032002 
1770429032185 
1770429032369 
1770429032568 
1770429032766 
1770429032965 
1770429033149 
1770429033334 
1770429033515 
1770429033716 
1770429033931 
1770429034132 
1770429034315 
1770429034515 
1770429034716 
1770429034898 
1770429035082 
1770429035315 
1770429035498 
1770429035664 
1770429035914 
1770429036115 
1770429036299 
1770429036482 
1770429036664 
1770429036847 
1770429037065 
1770429037247 
1770429037431 
1770429037614 
1770429037782 
1770429037998 
1770429038148 
1770429038347 
1770429038531 
1770429038714 
1770429038880 
1770429039080 
1770429039264 
1770429039430 
1770429039630 
1770429039813 
1770429040396 
1770429040863 
1770429041249 
1770429041481 
1770429041667 
1770429041880 
1770429042363 
1770429042663 
1770429042913 
1770429043447 
1770429043816 
1770429044000 
1770429044164 
1770429044332 
1770429044614 
1770429045213 
1770429045401 
1770429045548 
1770429046244 
1770438122341 
1770438122361 
1770438122607 
1770438122608 
1770438122609 
1770438122942 
1770438122944 
1770438122945 
1770438123199 
1770438123201 
1770438123202 
1770438123468 
1770438123470 
1770438123470 
1770438123693 
1770438123695 
1770438123695 
1770438123917 
1770438123918 
1770438123919 
1770438124166 
1770438124222 
1770438124223 
1770438124516 
1770438124698 
1770438124891 
1770438125081 
1770438125247 
1770438125412 
1770438125567 
1770438125746 
1770438190140 
1770438190326 
1770438190580 
1770438190672 
1770438191018 
1770438191020 
1770438191152 
1770438191285 
1770438191449 
1770438191647 
1770438191782 
1770438192035 
1770438192239 
1770438192366 
1770438192667 
1770438193104 
1770438193461 
1770438193983 
1770438194164 
1770438194325 
1770438194748 
1770438195295 
1770438195679 
1770438196164 
1770438196996 
1770438197169 
1770438197368 
1770438197480 
1770438197703 
1770438197899 
1770438198098 
1770438198267 
1770438198428 
1770438198743 
1770438199140 
1770438199306 
1770438199515 
1770438199677 
1770438200071 
1770438200477 
1770438201151 
1770438201589 
1770438202018 
1770438202181 
1770438202409 
1770438202519 
1770438202903 
1770438203355 
1770438203817 
